(255) (255) (255) (255) (255) (255) (255) (255) (255) (255) (255) (255) (255) (255) (255) (255) (255) (255) (255) (255) (255) (255) (255) (255) (255) (255) (255) (255) (255) (255) (255) (255) (255) (255) (255) (255) (255) (255) (255) (255) (255) (255) (255) (255) (255) (255) (255) (255) (255) (255) (255) (255) (255) (255) (255) (255) (255) (255) (255) (255) (255) (255) (255) (255) (255) (255) (255) (255) (255) (255) (255) (255) (255) (255) (255) (255) (255) (255) (255) (255) (255) (255) (255) (255) (255) (255) (255) (255) (255) (255) (255) (255) (255) (255) (255) (255) (255) (255) (255) (255)
(255) (255) (255) (255) (255) (255) (255) (255) (255) (255) (255) (255) (255) (255) (255) (255) (255) (255) (255) (255) (255) (255) (255) (255) (255) (255) (255) (255) (255) (255) (255) (255) (255) (255) (255) (255) (255) (255) (255) (255) (255) (255) (255) (255) (255) (255) (255) (255) (255) (255) (255) (255) (255) (255) (255) (255) (255) (255) (255) (255) (255) (255) (255) (255) (255) (255) (255) (255) (255) (255) (255) (255) (255) (255) (255) (255) (255) (255) (255) (255) (255) (255) (255) (255) (255) (255) (255) (255) (255) (255) (255) (255) (255) (255) (255) (255) (255) (255) (255) (255)
(255) (255) (255) (255) (255) (255) (255) (255) (255) (255) (255) (255) (255) (255) (255) (255) (255) (255) (255) (255) (255) (255) (255) (255) (255) (255) (255) (255) (255) (255) (255) (255) (255) (255) (255) (255) (255) (255) (255) (255) (255) (255) (255) (255) (255) (255) (255) (255) (255) (255) (255) (255) (255) (255) (255) (255) (255) (255) (255) (255) (255) (255) (255) (255) (255) (255) (255) (255) (255) (255) (255) (255) (255) (255) (255) (255) (255) (255) (255) (255) (255) (255) (255) (255) (255) (255) (255) (255) (255) (255) (255) (255) (255) (255) (255) (255) (255) (255) (255) (255)
(255) (255) (255) (255) (255) (255) (255) (255) (255) (255) (255) (255) (255) (255) (255) (255) (255) (255) (255) (255) (255) (255) (255) (255) (255) (255) (255) (255) (255) (255) (255) (255) (255) (255) (255) (255) (255) (255) (255) (255) (255) (255) (255) (255) (255) (255) (255) (255) (255) (255) (255) (255) (255) (255) (255) (255) (255) (255) (255) (255) (255) (255) (255) (255) (255) (255) (255) (255) (255) (255) (255) (255) (255) (255) (255) (255) (255) (255) (255) (255) (255) (255) (255) (255) (255) (255) (255) (255) (255) (255) (255) (255) (255) (255) (255) (255) (255) (255) (255) (255)
(255) (255) (255) (255) (255) (255) (255) (255) (255) (255) (255) (255) (255) (255) (255) (255) (255) (255) (255) (255) (255) (255) (255) (255) (255) (255) (255) (255) (255) (255) (255) (255) (255) (255) (255) (255) (255) (255) (255) (255) (255) (255) (255) (255) (255) (255) (255) (255) (255) (255) (255) (255) (255) (255) (255) (255) (255) (255) (255) (255) (255) (255) (255) (255) (255) (255) (255) (255) (255) (255) (255) (255) (255) (255) (255) (255) (255) (255) (255) (255) (255) (255) (255) (255) (255) (255) (255) (255) (255) (255) (255) (255) (255) (255) (255) (255) (255) (255) (255) (255)
(255) (255) (255) (255) (255) (255) (255) (255) (255) (255) (255) (255) (255) (255) (255) (255) (255) (255) (255) (255) (255) (255) (255) (255) (255) (255) (255) (255) (255) (255) (255) (255) (255) (255) (255) (255) (255) (255) (255) (255) (255) (255) (255) (255) (255) (255) (255) (255) (255) (255) (255) (255) (255) (255) (255) (255) (255) (255) (255) (255) (255) (255) (255) (255) (255) (255) (255) (255) (255) (255) (255) (255) (255) (255) (255) (255) (255) (255) (255) (255) (255) (255) (255) (255) (255) (255) (255) (255) (255) (255) (255) (255) (255) (255) (255) (255) (255) (255) (255) (255)
(255) (255) (255) (255) (255) (255) (255) (255) (255) (255) (255) (255) (255) (255) (255) (255) (255) (255) (255) (255) (255) (255) (255) (255) (255) (255) (255) (255) (255) (255) (255) (255) (255) (255) (255) (255) (255) (255) (255) (255) (255) (255) (255) (255) (255) (255) (255) (255) (255) (255) (255) (255) (255) (255) (255) (255) (255) (255) (255) (255) (255) (255) (255) (255) (255) (255) (255) (255) (255) (255) (255) (255) (255) (255) (255) (255) (255) (255) (255) (255) (255) (255) (255) (255) (255) (255) (255) (255) (255) (255) (255) (255) (255) (255) (255) (255) (255) (255) (255) (255)
(255) (255) (255) (255) (255) (255) (255) (255) (255) (255) (255) (255) (255) (255) (255) (255) (255) (255) (255) (255) (255) (255) (255) (255) (255) (255) (255) (255) (255) (255) (255) (255) (255) (255) (255) (255) (255) (255) (255) (255) (255) (255) (255) (255) (255) (255) (255) (255) (255) (255) (255) (255) (255) (255) (255) (255) (255) (255) (255) (255) (255) (255) (255) (255) (255) (255) (255) (255) (255) (255) (255) (255) (255) (255) (255) (255) (255) (255) (255) (255) (255) (255) (255) (255) (255) (255) (255) (255) (255) (255) (255) (255) (255) (255) (255) (255) (255) (255) (255) (255)
(255) (255) (255) (255) (255) (255) (255) (255) (250) (255) (255) (245) (255) (255) (249) (255) (255) (255) (242) (255) (255) (251) (255) (250) (254) (248) (255) (245) (255) (255) (255) (253) (249) (255) (255) (252) (255) (255) (250) (255) (255) (255) (255) (255) (245) (252) (255) (255) (255) (255) (255) (248) (252) (255) (243) (255) (255) (249) (254) (246) (253) (255) (244) (255) (255) (255) (255) (255) (255) (255) (255) (255) (255) (255) (255) (255) (255) (255) (255) (255) (255) (255) (255) (255) (255) (255) (255) (255) (255) (255) (255) (255) (255) (255) (255) (255) (255) (255) (255) (255)
(255) (255) (255) (255) (255) (255) (255) (255) (255) (239) (255) (255) (242) (255) (239) (251) (248) (255) (255) (243) (246) (255) (233) (255) (255) (255) (255) (248) (254) (255) (236) (255) (255) (255) (248) (255) (237) (255) (247) (255) (255) (244) (255) (240) (255) (255) (239) (255) (255) (245) (254) (255) (255) (240) (255) (245) (242) (255) (255) (253) (255) (251) (255) (244) (255) (255) (255) (255) (255) (255) (255) (255) (255) (255) (255) (255) (255) (255) (255) (255) (255) (255) (255) (255) (255) (255) (255) (255) (255) (255) (255) (255) (255) (255) (255) (255) (255) (255) (255) (255)
(255) (255) (255) (255) (255) (255) (255) (255) (252) (255) (255) (252) (255) (245) (255) (255) (5) (0) (0) (13) (246) (255) (248) (255) (255) (255) (251) (251) (255) (254) (255) (255) (247) (242) (255) (248) (255) (249) (255) (255) (255) (11) (0) (8) (0) (250) (255) (248) (255) (255) (254) (254) (255) (255) (255) (253) (255) (246) (247) (250) (246) (255) (249) (255) (255) (255) (255) (255) (255) (255) (255) (255) (255) (255) (255) (255) (255) (255) (255) (255) (255) (255) (255) (255) (255) (255) (255) (255) (255) (255) (255) (255) (255) (255) (255) (255) (255) (255) (255) (255)
(255) (255) (255) (255) (255) (255) (255) (255) (255) (255) (248) (253) (243) (255) (0) (0) (0) (8) (6) (9) (0) (0) (255) (252) (247) (255) (252) (255) (0) (0) (255) (238) (255) (255) (251) (252) (244) (255) (250) (254) (0) (0) (0) (3) (0) (255) (255) (255) (252) (247) (255) (255) (253) (255) (240) (252) (238) (255) (255) (255) (236) (243) (255) (242) (255) (255) (255) (255) (255) (255) (255) (255) (255) (255) (255) (255) (255) (255) (255) (255) (255) (255) (255) (255) (255) (255) (255) (255) (255) (255) (255) (255) (255) (255) (255) (255) (255) (255) (255) (255)
(255) (255) (255) (255) (255) (255) (255) (255) (255) (253) (243) (255) (255) (240) (2) (14) (2) (253) (246) (250) (3) (0) (255) (255) (255) (235) (251) (0) (3) (0) (10) (253) (255) (242) (235) (255) (251) (255) (255) (0) (19) (253) (4) (255) (0) (0) (248) (255) (254) (255) (246) (255) (2) (0) (5) (255) (255) (254) (255) (251) (255) (252) (246) (251) (255) (255) (255) (255) (255) (255) (255) (255) (255) (255) (255) (255) (255) (255) (255) (255) (255) (255) (255) (255) (255) (255) (255) (255) (255) (255) (255) (255) (255) (255) (255) (255) (255) (255) (255) (255)
(255) (255) (255) (255) (255) (255) (255) (255) (253) (255) (255) (255) (246) (0) (2) (0) (0) (9) (7) (15) (0) (17) (0) (250) (235) (255) (9) (0) (2) (255) (0) (8) (255) (255) (255) (253) (255) (255) (0) (33) (0) (0) (0) (3) (0) (9) (8) (0) (255) (255) (239) (0) (0) (255) (4) (0) (244) (254) (232) (255) (237) (255) (255) (253) (255) (255) (255) (255) (255) (255) (255) (255) (255) (255) (255) (255) (255) (255) (255) (255) (255) (255) (255) (255) (255) (255) (255) (255) (255) (255) (255) (255) (255) (255) (255) (255) (255) (255) (255) (255)
(255) (255) (255) (255) (255) (255) (255) (255) (255) (235) (255) (255) (235) (3) (0) (9) (0) (6) (0) (0) (19) (0) (0) (8) (11) (0) (9) (0) (252) (253) (0) (0) (0) (255) (242) (252) (255) (0) (11) (0) (0) (0) (6) (0) (29) (0) (0) (5) (0) (0) (17) (0) (24) (0) (0) (5) (0) (255) (238) (255) (255) (252) (253) (255) (255) (255) (255) (255) (255) (255) (255) (255) (255) (255) (255) (255) (255) (255) (255) (255) (255) (255) (255) (255) (255) (255) (255) (255) (255) (255) (255) (255) (255) (255) (255) (255) (255) (255) (255) (255)
(255) (255) (255) (255) (255) (255) (255) (255) (249) (255) (255) (238) (255) (0) (7) (0) (0) (9) (6) (0) (0) (0) (10) (0) (0) (8) (0) (6) (251) (9) (251) (6) (8) (0) (254) (255) (241) (1) (7) (1) (0) (6) (0) (8) (0) (8) (3) (1) (2) (0) (0) (255) (0) (3) (6) (0) (1) (0) (255) (254) (247) (255) (255) (252) (255) (255) (255) (255) (255) (255) (255) (255) (255) (255) (255) (255) (255) (255) (255) (255) (255) (255) (255) (255) (255) (255) (255) (255) (255) (255) (255) (255) (255) (255) (255) (255) (255) (255) (255) (255)
(255) (255) (255) (255) (255) (255) (255) (255) (255) (252) (254) (255) (255) (0) (4) (0) (0) (13) (0) (1) (0) (2) (0) (0) (0) (13) (0) (0) (255) (0) (247) (5) (1) (0) (255) (255) (253) (0) (4) (1) (9) (0) (0) (1) (0) (2) (4) (0) (0) (0) (0) (0) (0) (0) (0) (0) (1) (0) (255) (255) (251) (255) (253) (255) (255) (255) (255) (255) (255) (255) (255) (255) (255) (255) (255) (255) (255) (255) (255) (255) (255) (255) (255) (255) (255) (255) (255) (255) (255) (255) (255) (255) (255) (255) (255) (255) (255) (255) (255) (255)
(255) (255) (255) (255) (255) (255) (255) (255) (241) (255) (255) (251) (246) (1) (8) (3) (8) (0) (10) (0) (1) (0) (0) (2) (6) (0) (0) (6) (3) (21) (0) (2) (11) (0) (255) (251) (255) (252) (255) (0) (0) (5) (4) (17) (0) (0) (6) (0) (0) (0) (0) (0) (0) (0) (0) (0) (1) (0) (255) (255) (251) (255) (253) (255) (255) (255) (255) (255) (255) (255) (255) (255) (255) (255) (255) (255) (255) (255) (255) (255) (255) (255) (255) (255) (255) (255) (255) (255) (255) (255) (255) (255) (255) (255) (255) (255) (255) (255) (255) (255)
(255) (255) (255) (255) (255) (255) (255) (255) (255) (254) (243) (255) (255) (255) (0) (0) (0) (0) (1) (1) (0) (1) (8) (4) (0) (6) (0) (5) (0) (0) (0) (5) (4) (16) (238) (255) (255) (250) (255) (18) (2) (0) (2) (0) (7) (5) (0) (7) (0) (0) (0) (0) (0) (0) (0) (0) (1) (0) (255) (255) (251) (255) (253) (255) (255) (255) (255) (255) (255) (255) (255) (255) (255) (255) (255) (255) (255) (255) (255) (255) (255) (255) (255) (255) (255) (255) (255) (255) (255) (255) (255) (255) (255) (255) (255) (255) (255) (255) (255) (255)
(255) (255) (255) (255) (255) (255) (255) (255) (255) (242) (255) (239) (245) (244) (255) (3) (2) (4) (0) (14) (9) (0) (2) (0) (0) (1) (1) (4) (10) (5) (6) (0) (0) (5) (0) (255) (255) (253) (251) (249) (255) (0) (15) (0) (18) (0) (0) (10) (0) (0) (0) (0) (0) (0) (0) (0) (1) (0) (255) (255) (251) (255) (253) (255) (255) (255) (255) (255) (255) (255) (255) (255) (255) (255) (255) (255) (255) (255) (255) (255) (255) (255) (255) (255) (255) (255) (255) (255) (255) (255) (255) (255) (255) (255) (255) (255) (255) (255) (255) (255)
(255) (255) (255) (255) (255) (255) (255) (255) (255) (255) (255) (255) (255) (252) (252) (255) (0) (12) (0) (8) (0) (0) (3) (5) (5) (0) (10) (0) (0) (0) (0) (2) (13) (8) (0) (8) (255) (0) (9) (1) (0) (11) (0) (16) (0) (0) (11) (0) (0) (0) (0) (0) (0) (0) (0) (0) (1) (0) (255) (255) (251) (255) (253) (255) (255) (255) (255) (255) (255) (255) (255) (255) (255) (255) (255) (255) (255) (255) (255) (255) (255) (255) (255) (255) (255) (255) (255) (255) (255) (255) (255) (255) (255) (255) (255) (255) (255) (255) (255) (255)
(255) (255) (255) (255) (255) (255) (255) (255) (235) (255) (249) (241) (254) (255) (238) (255) (255) (0) (8) (0) (14) (2) (9) (0) (0) (3) (0) (0) (15) (0) (21) (1) (0) (0) (0) (0) (12) (0) (14) (0) (10) (0) (12) (0) (7) (1) (0) (20) (0) (0) (0) (0) (0) (0) (0) (0) (1) (0) (255) (255) (251) (255) (253) (255) (255) (255) (255) (255) (255) (255) (255) (255) (255) (255) (255) (255) (255) (255) (255) (255) (255) (255) (255) (255) (255) (255) (255) (255) (255) (255) (255) (255) (255) (255) (255) (255) (255) (255) (255) (255)
(255) (255) (255) (255) (255) (255) (255) (255) (255) (253) (252) (255) (244) (248) (255) (255) (252) (255) (3) (13) (0) (3) (3) (0) (3) (0) (0) (7) (0) (19) (0) (0) (0) (3) (19) (0) (0) (11) (7) (0) (240) (15) (255) (3) (2) (0) (0) (0) (0) (0) (0) (0) (0) (0) (0) (0) (1) (0) (255) (255) (251) (255) (253) (255) (255) (255) (255) (255) (255) (255) (255) (255) (255) (255) (255) (255) (255) (255) (255) (255) (255) (255) (255) (255) (255) (255) (255) (255) (255) (255) (255) (255) (255) (255) (255) (255) (255) (255) (255) (255)
(255) (255) (255) (255) (255) (255) (255) (255) (247) (255) (252) (255) (255) (255) (253) (252) (251) (11) (0) (0) (10) (0) (6) (0) (1) (0) (10) (0) (0) (0) (0) (10) (5) (0) (0) (2) (10) (0) (2) (4) (8) (0) (0) (4) (1) (0) (6) (0) (0) (0) (0) (0) (0) (0) (0) (0) (1) (0) (255) (255) (251) (255) (253) (255) (255) (255) (255) (255) (255) (255) (255) (255) (255) (255) (255) (255) (255) (255) (255) (255) (255) (255) (255) (255) (255) (255) (255) (255) (255) (255) (255) (255) (255) (255) (255) (255) (255) (255) (255) (255)
(255) (255) (255) (255) (255) (255) (255) (255) (245) (255) (254) (255) (255) (255) (251) (255) (0) (0) (7) (0) (7) (13) (0) (8) (0) (0) (0) (0) (0) (0) (0) (0) (11) (0) (0) (4) (0) (0) (12) (0) (3) (0) (3) (255) (0) (0) (18) (0) (0) (16) (0) (0) (0) (2) (0) (0) (0) (0) (255) (250) (246) (255) (254) (252) (255) (243) (255) (255) (251) (255) (255) (244) (255) (255) (255) (255) (255) (255) (255) (255) (255) (255) (255) (255) (255) (255) (255) (255) (255) (255) (255) (255) (255) (255) (255) (255) (255) (255) (255) (255)
(255) (255) (255) (255) (255) (255) (255) (255) (255) (255) (249) (253) (253) (255) (253) (253) (11) (3) (0) (15) (0) (0) (14) (1) (0) (0) (0) (0) (0) (0) (0) (0) (0) (0) (6) (9) (5) (0) (0) (2) (0) (11) (0) (4) (1) (0) (6) (0) (7) (0) (16) (14) (0) (2) (0) (4) (4) (11) (0) (255) (255) (249) (235) (255) (253) (255) (255) (250) (246) (249) (255) (255) (255) (255) (255) (255) (255) (255) (255) (255) (255) (255) (255) (255) (255) (255) (255) (255) (255) (255) (255) (255) (255) (255) (255) (255) (255) (255) (255) (255)
(255) (255) (255) (255) (255) (255) (255) (255) (254) (255) (252) (255) (254) (253) (255) (255) (0) (0) (1) (0) (2) (7) (0) (0) (0) (0) (0) (0) (0) (0) (0) (0) (0) (4) (5) (0) (0) (13) (0) (15) (0) (0) (8) (0) (22) (6) (0) (0) (0) (11) (4) (0) (0) (19) (0) (5) (0) (5) (0) (1) (0) (255) (255) (234) (240) (255) (242) (255) (255) (250) (251) (255) (255) (255) (255) (255) (255) (255) (255) (255) (255) (255) (255) (255) (255) (255) (255) (255) (255) (255) (255) (255) (255) (255) (255) (255) (255) (255) (255) (255)
(255) (255) (255) (255) (255) (255) (255) (255) (248) (255) (255) (255) (253) (254) (250) (255) (3) (0) (0) (16) (0) (0) (22) (11) (0) (0) (0) (0) (0) (0) (0) (0) (0) (3) (3) (0) (2) (4) (0) (0) (11) (0) (3) (18) (0) (0) (0) (10) (3) (7) (0) (14) (4) (7) (0) (3) (13) (0) (10) (0) (0) (0) (255) (255) (255) (255) (251) (253) (255) (252) (252) (255) (255) (255) (255) (255) (255) (255) (255) (255) (255) (255) (255) (255) (255) (255) (255) (255) (255) (255) (255) (255) (255) (255) (255) (255) (255) (255) (255) (255)
(255) (255) (255) (255) (255) (255) (255) (255) (255) (255) (248) (243) (248) (255) (233) (254) (254) (0) (7) (2) (0) (0) (0) (0) (0) (0) (0) (0) (0) (0) (0) (0) (4) (0) (0) (20) (4) (0) (10) (6) (6) (9) (2) (0) (4) (2) (6) (2) (0) (4) (15) (245) (255) (245) (9) (10) (0) (17) (1) (0) (7) (21) (235) (253) (249) (245) (255) (251) (235) (255) (255) (251) (255) (255) (255) (255) (255) (255) (255) (255) (255) (255) (255) (255) (255) (255) (255) (255) (255) (255) (255) (255) (255) (255) (255) (255) (255) (255) (255) (255)
(255) (255) (255) (255) (255) (255) (255) (255) (248) (249) (255) (255) (255) (238) (30) (0) (0) (24) (0) (0) (0) (25) (0) (11) (0) (0) (0) (0) (0) (0) (0) (0) (7) (1) (0) (0) (0) (0) (12) (0) (0) (13) (0) (0) (15) (3) (3) (0) (4) (0) (242) (0) (255) (255) (255) (0) (1) (0) (0) (1) (6) (0) (14) (0) (255) (243) (255) (255) (255) (255) (254) (248) (255) (255) (255) (255) (255) (255) (255) (255) (255) (255) (255) (255) (255) (255) (255) (255) (255) (255) (255) (255) (255) (255) (255) (255) (255) (255) (255) (255)
(255) (255) (255) (255) (255) (255) (255) (255) (255) (251) (247) (252) (249) (255) (0) (0) (2) (0) (2) (9) (19) (0) (0) (0) (0) (0) (0) (0) (0) (0) (0) (0) (0) (0) (16) (0) (0) (4) (0) (14) (255) (254) (245) (255) (242) (244) (255) (255) (255) (250) (255) (245) (5) (255) (240) (8) (6) (7) (0) (255) (240) (255) (0) (11) (241) (255) (251) (255) (255) (239) (255) (255) (255) (255) (255) (255) (255) (255) (255) (255) (255) (255) (255) (255) (255) (255) (255) (255) (255) (255) (255) (255) (255) (255) (255) (255) (255) (255) (255) (255)
(255) (255) (255) (255) (255) (255) (255) (255) (255) (255) (255) (255) (246) (255) (0) (7) (2) (0) (0) (255) (0) (253) (255) (0) (0) (0) (0) (0) (0) (0) (0) (0) (9) (0) (15) (0) (5) (0) (14) (242) (255) (248) (255) (250) (255) (252) (253) (251) (255) (245) (251) (255) (248) (255) (254) (6) (8) (238) (255) (254) (255) (252) (0) (1) (13) (241) (255) (250) (255) (240) (255) (246) (255) (255) (255) (255) (255) (255) (255) (255) (255) (255) (255) (255) (255) (255) (255) (255) (255) (255) (255) (255) (255) (255) (255) (255) (255) (255) (255) (255)
(255) (255) (255) (255) (255) (255) (255) (255) (252) (255) (255) (247) (254) (255) (0) (1) (3) (2) (0) (11) (0) (3) (0) (1) (7) (0) (18) (0) (0) (1) (6) (0) (0) (0) (16) (0) (253) (255) (255) (249) (247) (255) (238) (255) (255) (241) (255) (250) (249) (255) (255) (249) (247) (251) (255) (6) (1) (255) (239) (255) (255) (255) (255) (255) (255) (3) (0) (255) (253) (249) (255) (252) (254) (255) (255) (249) (255) (255) (248) (255) (255) (255) (255) (255) (255) (255) (255) (255) (255) (255) (255) (255) (255) (255) (255) (255) (255) (255) (255) (255)
(255) (255) (255) (255) (255) (255) (255) (255) (255) (253) (252) (255) (255) (238) (255) (0) (0) (4) (12) (0) (0) (0) (0) (0) (6) (15) (0) (12) (0) (0) (1) (2) (0) (2) (0) (255) (253) (253) (4) (5) (5) (0) (10) (0) (0) (255) (247) (255) (255) (251) (253) (255) (255) (255) (251) (247) (0) (10) (255) (7) (0) (0) (8) (0) (255) (235) (255) (0) (0) (23) (0) (0) (5) (3) (240) (255) (255) (223) (255) (252) (255) (255) (255) (255) (255) (255) (255) (255) (255) (255) (255) (255) (255) (255) (255) (255) (255) (255) (255) (255)
(255) (255) (255) (255) (255) (255) (255) (255) (253) (255) (255) (237) (255) (232) (254) (244) (18) (0) (0) (9) (0) (0) (4) (0) (0) (253) (9) (0) (4) (1) (7) (0) (5) (20) (0) (254) (255) (0) (0) (2) (0) (0) (0) (4) (12) (241) (255) (244) (4) (244) (255) (247) (248) (255) (253) (255) (12) (0) (247) (13) (0) (11) (0) (11) (233) (255) (248) (0) (0) (0) (0) (11) (0) (4) (255) (254) (255) (255) (245) (252) (255) (255) (255) (255) (255) (255) (255) (255) (255) (255) (255) (255) (255) (255) (255) (255) (255) (255) (255) (255)
(255) (255) (255) (255) (255) (255) (255) (255) (251) (246) (252) (255) (251) (255) (254) (255) (0) (24) (11) (2) (5) (11) (0) (1) (4) (3) (0) (3) (0) (0) (4) (0) (0) (237) (255) (251) (0) (2) (255) (0) (252) (245) (255) (245) (249) (255) (247) (255) (3) (255) (255) (252) (254) (255) (252) (250) (245) (255) (1) (2) (0) (245) (255) (234) (10) (254) (254) (252) (8) (2) (255) (248) (255) (239) (7) (250) (250) (253) (255) (248) (255) (255) (255) (255) (255) (255) (255) (255) (255) (255) (255) (255) (255) (255) (255) (255) (255) (255) (255) (255)
(255) (255) (255) (255) (255) (255) (255) (255) (242) (255) (243) (236) (255) (255) (255) (238) (255) (0) (0) (0) (0) (8) (6) (4) (0) (2) (12) (0) (0) (14) (0) (8) (255) (242) (250) (11) (0) (3) (253) (245) (255) (255) (253) (255) (255) (255) (248) (251) (240) (255) (255) (253) (255) (255) (241) (255) (255) (235) (251) (0) (5) (255) (254) (252) (255) (0) (0) (255) (251) (0) (15) (255) (234) (255) (252) (0) (0) (255) (246) (255) (255) (255) (255) (255) (255) (255) (255) (255) (255) (255) (255) (255) (255) (255) (255) (255) (255) (255) (255) (255)
(255) (255) (255) (255) (255) (255) (255) (255) (255) (249) (255) (246) (250) (247) (246) (255) (255) (0) (34) (5) (0) (8) (0) (0) (4) (1) (0) (3) (3) (0) (0) (0) (242) (255) (255) (0) (0) (247) (9) (255) (254) (239) (250) (255) (237) (246) (255) (248) (255) (253) (255) (252) (249) (250) (255) (236) (255) (255) (255) (254) (249) (0) (239) (255) (249) (12) (8) (246) (255) (255) (0) (0) (255) (255) (252) (7) (0) (248) (244) (255) (255) (255) (255) (255) (255) (255) (255) (255) (255) (255) (255) (255) (255) (255) (255) (255) (255) (255) (255) (255)
(255) (255) (255) (255) (255) (255) (255) (255) (244) (255) (251) (255) (253) (255) (255) (242) (240) (14) (0) (3) (0) (0) (10) (7) (0) (27) (7) (0) (1) (1) (250) (255) (255) (230) (3) (0) (2) (255) (244) (2) (0) (18) (243) (255) (255) (255) (235) (255) (246) (255) (248) (255) (255) (235) (255) (254) (239) (255) (242) (237) (255) (4) (255) (255) (255) (0) (0) (247) (255) (255) (255) (12) (0) (253) (255) (250) (255) (3) (17) (249) (255) (255) (255) (255) (255) (255) (255) (255) (255) (255) (255) (255) (255) (255) (255) (255) (255) (255) (255) (255)
(255) (255) (255) (255) (255) (255) (255) (255) (255) (244) (255) (253) (246) (254) (249) (255) (255) (255) (4) (0) (5) (0) (6) (0) (9) (0) (0) (7) (0) (252) (253) (255) (248) (255) (0) (10) (0) (4) (255) (0) (255) (255) (255) (247) (255) (255) (253) (255) (255) (252) (255) (249) (253) (255) (241) (252) (251) (255) (255) (255) (240) (255) (255) (241) (245) (5) (1) (250) (255) (249) (255) (248) (0) (4) (251) (253) (255) (255) (0) (10) (255) (255) (255) (255) (255) (255) (255) (255) (255) (255) (255) (255) (255) (255) (255) (255) (255) (255) (255) (255)
(255) (247) (255) (242) (255) (255) (249) (255) (255) (249) (255) (247) (254) (255) (252) (255) (249) (252) (255) (0) (2) (3) (0) (15) (0) (0) (7) (0) (13) (254) (255) (255) (254) (0) (255) (245) (11) (3) (0) (253) (255) (13) (248) (248) (0) (255) (255) (251) (255) (255) (255) (238) (255) (255) (246) (255) (253) (255) (255) (255) (255) (255) (246) (255) (253) (255) (0) (0) (255) (255) (254) (253) (255) (0) (255) (248) (255) (253) (7) (3) (0) (255) (250) (246) (255) (252) (254) (255) (255) (255) (255) (255) (255) (255) (255) (255) (255) (255) (255) (255)
(250) (255) (254) (247) (255) (250) (250) (255) (254) (250) (246) (255) (255) (235) (255) (254) (255) (245) (8) (7) (0) (0) (23) (0) (7) (16) (2) (1) (0) (253) (255) (249) (255) (246) (15) (241) (255) (0) (0) (4) (0) (255) (255) (1) (255) (247) (255) (2) (253) (242) (255) (255) (255) (246) (255) (250) (255) (255) (255) (248) (243) (255) (255) (247) (255) (251) (242) (0) (0) (255) (255) (254) (255) (244) (255) (255) (240) (255) (0) (0) (6) (0) (255) (255) (255) (255) (247) (252) (255) (255) (255) (255) (255) (255) (255) (255) (255) (255) (255) (255)
(243) (247) (255) (255) (249) (255) (255) (255) (254) (255) (255) (255) (246) (255) (231) (246) (248) (255) (238) (255) (0) (5) (0) (5) (0) (0) (0) (0) (1) (7) (0) (255) (0) (255) (0) (250) (255) (10) (6) (0) (0) (255) (252) (255) (255) (253) (250) (255) (0) (13) (0) (0) (249) (255) (255) (255) (247) (255) (248) (255) (255) (247) (252) (255) (245) (251) (255) (255) (255) (253) (246) (251) (252) (250) (253) (240) (254) (6) (248) (18) (6) (4) (254) (255) (244) (255) (250) (252) (255) (255) (255) (255) (255) (255) (255) (255) (255) (255) (255) (255)
(255) (246) (255) (255) (246) (254) (251) (249) (254) (253) (255) (238) (252) (0) (0) (28) (1) (0) (24) (0) (0) (13) (1) (0) (0) (1) (7) (1) (7) (0) (253) (0) (250) (255) (255) (250) (0) (13) (0) (8) (4) (0) (245) (255) (0) (255) (0) (5) (255) (255) (246) (255) (255) (235) (255) (246) (255) (244) (255) (250) (233) (255) (255) (239) (255) (249) (255) (228) (254) (255) (251) (255) (255) (248) (255) (255) (255) (255) (243) (0) (0) (249) (247) (254) (252) (255) (254) (255) (255) (255) (255) (255) (255) (255) (255) (255) (255) (255) (255) (255)
(236) (255) (241) (249) (255) (248) (255) (247) (255) (248) (255) (248) (255) (0) (0) (0) (0) (0) (0) (16) (0) (0) (0) (3) (0) (0) (7) (6) (0) (255) (255) (5) (255) (6) (254) (0) (23) (0) (11) (0) (7) (0) (0) (255) (255) (255) (235) (255) (255) (236) (255) (247) (251) (255) (255) (3) (244) (245) (255) (255) (254) (241) (255) (255) (247) (255) (232) (255) (255) (242) (246) (255) (242) (255) (255) (0) (243) (248) (255) (0) (0) (255) (255) (249) (255) (245) (251) (255) (255) (255) (255) (255) (255) (255) (255) (255) (255) (255) (255) (255)
(255) (0) (0) (0) (0) (12) (0) (14) (0) (0) (5) (7) (0) (12) (15) (0) (255) (247) (255) (242) (2) (15) (0) (5) (0) (9) (0) (0) (29) (243) (244) (254) (255) (240) (2) (12) (0) (0) (0) (0) (0) (16) (1) (0) (255) (0) (255) (255) (254) (255) (238) (255) (245) (255) (248) (246) (252) (255) (255) (243) (255) (255) (238) (252) (249) (0) (7) (255) (242) (255) (18) (248) (255) (255) (0) (255) (255) (0) (244) (14) (1) (241) (253) (255) (255) (255) (252) (255) (255) (255) (255) (255) (255) (255) (255) (255) (255) (255) (255) (255)
(0) (0) (28) (0) (15) (0) (0) (0) (0) (2) (0) (4) (0) (0) (0) (6) (0) (2) (17) (0) (9) (0) (16) (0) (2) (10) (1) (0) (249) (255) (0) (255) (255) (236) (13) (0) (0) (15) (13) (4) (6) (0) (0) (26) (1) (6) (0) (0) (0) (0) (0) (0) (5) (0) (1) (8) (251) (255) (241) (255) (0) (0) (255) (2) (3) (255) (235) (247) (6) (255) (231) (255) (0) (249) (255) (231) (255) (255) (0) (0) (1) (255) (242) (255) (245) (255) (255) (255) (255) (255) (255) (255) (255) (255) (255) (255) (255) (255) (255) (255)
(10) (0) (253) (252) (244) (255) (252) (255) (255) (255) (252) (248) (255) (255) (0) (1) (2) (7) (0) (0) (6) (0) (0) (1) (8) (0) (21) (4) (248) (255) (255) (247) (236) (255) (0) (7) (10) (0) (0) (0) (4) (0) (7) (4) (0) (10) (0) (2) (6) (3) (3) (0) (0) (10) (0) (0) (254) (255) (254) (255) (254) (252) (255) (245) (253) (244) (8) (255) (251) (252) (2) (255) (255) (247) (251) (11) (246) (255) (0) (6) (0) (255) (255) (255) (253) (251) (251) (254) (255) (255) (255) (255) (255) (255) (255) (255) (255) (255) (255) (255)
(255) (255) (255) (0) (0) (0) (10) (0) (2) (6) (0) (9) (0) (255) (252) (255) (4) (249) (9) (0) (0) (9) (0) (9) (0) (0) (7) (0) (255) (254) (8) (251) (255) (246) (0) (8) (0) (12) (0) (0) (1) (2) (0) (6) (245) (255) (0) (16) (0) (5) (13) (0) (2) (255) (245) (2) (255) (251) (253) (255) (238) (255) (253) (255) (255) (242) (254) (255) (244) (255) (244) (2) (254) (247) (255) (255) (255) (251) (7) (0) (0) (255) (255) (241) (255) (255) (252) (254) (255) (255) (255) (255) (255) (255) (255) (255) (255) (255) (255) (255)
(0) (252) (0) (21) (0) (0) (0) (7) (10) (0) (9) (9) (5) (0) (255) (0) (249) (255) (2) (0) (2) (0) (1) (1) (11) (0) (0) (2) (255) (0) (254) (0) (0) (8) (23) (2) (0) (1) (3) (4) (1) (5) (0) (255) (255) (252) (6) (0) (12) (2) (0) (5) (11) (236) (255) (255) (254) (255) (254) (255) (8) (4) (0) (5) (4) (11) (0) (0) (0) (0) (3) (255) (7) (253) (8) (240) (239) (23) (0) (7) (0) (3) (245) (255) (249) (255) (243) (255) (255) (255) (255) (255) (255) (255) (255) (255) (255) (255) (255) (255)
(0) (17) (0) (0) (0) (14) (15) (0) (0) (13) (4) (0) (0) (7) (0) (0) (7) (13) (252) (255) (255) (0) (14) (0) (0) (4) (16) (11) (242) (255) (255) (248) (255) (0) (0) (10) (17) (0) (0) (8) (11) (0) (0) (0) (247) (255) (8) (4) (0) (2) (0) (23) (0) (255) (252) (236) (248) (8) (255) (6) (0) (0) (7) (2) (0) (0) (0) (25) (0) (4) (252) (253) (0) (255) (242) (255) (255) (0) (0) (6) (9) (0) (9) (255) (255) (239) (255) (249) (255) (255) (255) (255) (255) (255) (255) (255) (255) (255) (255) (255)
(9) (0) (12) (251) (255) (241) (255) (255) (255) (246) (255) (255) (255) (0) (5) (7) (0) (0) (0) (2) (3) (0) (255) (2) (8) (0) (0) (0) (246) (255) (244) (255) (255) (255) (4) (0) (1) (5) (0) (0) (0) (29) (0) (0) (10) (0) (1) (0) (0) (0) (14) (0) (0) (255) (8) (255) (255) (228) (255) (5) (0) (255) (255) (244) (255) (254) (255) (226) (245) (255) (247) (255) (253) (255) (0) (253) (244) (255) (255) (244) (251) (252) (246) (0) (255) (255) (255) (252) (255) (255) (255) (255) (255) (255) (255) (255) (255) (255) (255) (255)
(242) (254) (253) (255) (255) (254) (255) (244) (247) (254) (255) (255) (244) (253) (0) (0) (0) (21) (0) (3) (0) (8) (0) (0) (0) (0) (0) (2) (0) (248) (255) (0) (236) (255) (248) (4) (0) (18) (0) (13) (0) (0) (9) (0) (12) (0) (0) (10) (0) (7) (0) (0) (9) (0) (0) (0) (255) (9) (3) (255) (255) (255) (252) (252) (251) (255) (249) (255) (255) (254) (246) (255) (248) (255) (255) (255) (248) (255) (235) (254) (254) (253) (255) (255) (0) (0) (247) (253) (255) (255) (255) (255) (255) (255) (255) (255) (255) (255) (255) (255)
(255) (251) (245) (255) (248) (239) (255) (255) (255) (255) (234) (253) (255) (12) (15) (0) (19) (0) (8) (0) (5) (0) (1) (8) (0) (11) (8) (3) (255) (255) (0) (255) (255) (251) (255) (255) (0) (0) (24) (0) (14) (12) (0) (0) (0) (18) (1) (0) (3) (1) (11) (0) (0) (23) (0) (6) (248) (250) (252) (244) (255) (237) (253) (255) (255) (231) (255) (253) (0) (250) (254) (255) (255) (255) (243) (234) (255) (3) (255) (255) (255) (255) (234) (255) (11) (0) (5) (255) (255) (255) (255) (255) (255) (255) (255) (255) (255) (255) (255) (255)
(246) (255) (250) (238) (255) (255) (247) (249) (255) (255) (246) (255) (255) (0) (5) (4) (0) (14) (10) (8) (10) (0) (4) (0) (10) (0) (0) (4) (0) (252) (0) (255) (248) (229) (255) (255) (0) (255) (246) (255) (249) (255) (247) (255) (255) (239) (251) (255) (251) (255) (251) (246) (255) (247) (255) (251) (249) (255) (245) (254) (255) (255) (255) (254) (255) (255) (246) (255) (0) (19) (254) (250) (251) (247) (255) (255) (241) (16) (253) (242) (255) (250) (255) (251) (241) (13) (0) (242) (255) (255) (255) (255) (255) (255) (255) (255) (255) (255) (255) (255)
(255) (255) (252) (255) (245) (255) (246) (255) (246) (255) (255) (248) (251) (22) (0) (3) (2) (4) (2) (0) (9) (13) (0) (3) (0) (10) (1) (4) (0) (5) (255) (0) (255) (255) (0) (246) (4) (255) (247) (1) (255) (244) (255) (255) (245) (255) (255) (249) (254) (255) (245) (9) (0) (249) (255) (0) (255) (239) (255) (252) (249) (255) (247) (255) (239) (255) (253) (246) (255) (0) (0) (255) (255) (255) (253) (11) (0) (0) (248) (255) (250) (255) (248) (254) (255) (0) (7) (255) (255) (255) (255) (255) (255) (255) (255) (255) (255) (255) (255) (255)
(255) (254) (255) (255) (253) (255) (252) (1) (0) (5) (255) (0) (5) (5) (0) (19) (0) (0) (0) (0) (0) (0) (0) (0) (0) (0) (241) (4) (0) (4) (0) (255) (0) (2) (255) (253) (4) (255) (246) (255) (253) (255) (0) (254) (255) (5) (241) (3) (255) (0) (6) (2) (252) (0) (255) (0) (255) (240) (255) (255) (255) (255) (238) (255) (246) (254) (255) (250) (253) (7) (1) (255) (255) (253) (246) (0) (15) (247) (255) (253) (254) (255) (249) (255) (239) (0) (0) (2) (0) (9) (254) (251) (255) (245) (247) (255) (255) (255) (255) (255)
(255) (254) (255) (255) (253) (255) (252) (1) (4) (0) (7) (0) (5) (3) (0) (0) (0) (0) (0) (0) (0) (0) (0) (0) (0) (0) (8) (255) (0) (1) (0) (0) (255) (246) (255) (255) (251) (0) (254) (252) (3) (249) (15) (248) (221) (253) (255) (252) (255) (5) (0) (254) (255) (0) (0) (255) (248) (255) (255) (247) (242) (255) (255) (246) (255) (250) (241) (255) (255) (0) (0) (243) (243) (255) (255) (0) (0) (255) (255) (251) (248) (255) (253) (253) (255) (5) (6) (0) (5) (0) (254) (252) (255) (255) (255) (237) (255) (255) (255) (255)
(255) (254) (255) (255) (253) (255) (252) (1) (0) (5) (0) (3) (0) (0) (5) (10) (0) (0) (0) (0) (0) (0) (0) (0) (17) (0) (4) (0) (0) (11) (0) (8) (0) (255) (244) (255) (237) (255) (255) (242) (252) (247) (255) (255) (255) (248) (0) (10) (2) (0) (10) (255) (0) (255) (255) (0) (255) (241) (248) (255) (255) (239) (255) (255) (243) (255) (255) (255) (233) (255) (255) (255) (255) (241) (246) (255) (255) (248) (255) (255) (255) (255) (242) (255) (244) (0) (0) (18) (0) (0) (0) (255) (238) (255) (253) (255) (255) (255) (255) (255)
(255) (254) (255) (255) (253) (255) (252) (1) (0) (0) (29) (0) (0) (8) (0) (0) (0) (0) (0) (0) (0) (0) (0) (0) (0) (0) (0) (3) (1) (0) (29) (0) (6) (0) (254) (2) (247) (245) (255) (255) (255) (255) (255) (10) (230) (255) (0) (5) (13) (0) (252) (255) (0) (8) (0) (8) (255) (255) (255) (255) (252) (255) (239) (243) (255) (254) (251) (253) (244) (255) (233) (253) (244) (252) (254) (255) (238) (255) (249) (255) (255) (252) (245) (249) (255) (0) (0) (0) (255) (9) (0) (0) (24) (252) (251) (253) (255) (255) (255) (255)
(255) (254) (255) (255) (253) (255) (252) (1) (0) (4) (0) (12) (0) (1) (0) (0) (0) (0) (0) (0) (0) (0) (0) (0) (9) (4) (4) (0) (14) (2) (0) (9) (0) (13) (0) (1) (253) (255) (244) (243) (253) (0) (255) (0) (0) (7) (8) (2) (246) (255) (8) (0) (0) (13) (243) (255) (251) (255) (237) (240) (255) (255) (253) (255) (251) (255) (250) (255) (255) (242) (255) (255) (255) (255) (255) (255) (254) (255) (255) (251) (244) (255) (255) (252) (249) (13) (5) (0) (0) (0) (0) (0) (0) (255) (247) (255) (255) (255) (255) (255)
(255) (254) (255) (255) (253) (255) (252) (1) (0) (10) (0) (18) (0) (0) (2) (10) (0) (0) (0) (0) (0) (0) (0) (0) (0) (7) (0) (1) (0) (23) (0) (7) (0) (4) (0) (3) (4) (248) (255) (255) (0) (255) (255) (0) (14) (0) (0) (255) (9) (255) (0) (0) (19) (245) (255) (250) (0) (244) (255) (255) (236) (253) (255) (249) (252) (255) (252) (253) (254) (255) (240) (255) (243) (255) (241) (255) (255) (249) (255) (255) (255) (240) (255) (254) (248) (5) (0) (0) (23) (0) (0) (25) (0) (245) (255) (246) (255) (255) (255) (255)
(255) (254) (255) (255) (253) (255) (252) (1) (7) (0) (9) (0) (0) (14) (0) (0) (0) (0) (0) (0) (0) (0) (0) (0) (8) (0) (1) (1) (0) (0) (0) (8) (28) (0) (12) (0) (0) (2) (7) (0) (0) (0) (1) (4) (2) (5) (0) (5) (0) (0) (6) (15) (244) (9) (0) (5) (4) (2) (0) (0) (255) (246) (255) (254) (255) (244) (255) (252) (248) (251) (255) (255) (255) (245) (249) (255) (241) (255) (4) (0) (0) (18) (247) (249) (255) (0) (3) (15) (0) (3) (0) (0) (9) (255) (252) (255) (255) (255) (255) (255)
(255) (254) (255) (255) (253) (255) (252) (1) (0) (1) (13) (7) (0) (1) (0) (9) (0) (0) (0) (0) (0) (0) (0) (0) (0) (8) (0) (9) (0) (13) (0) (0) (0) (23) (241) (3) (9) (0) (0) (6) (3) (0) (1) (2) (255) (251) (255) (0) (10) (0) (10) (250) (0) (10) (0) (1) (0) (11) (0) (0) (0) (11) (0) (255) (253) (0) (251) (1) (255) (255) (0) (254) (246) (249) (255) (0) (0) (2) (0) (10) (14) (0) (0) (5) (0) (6) (0) (0) (0) (16) (0) (1) (0) (255) (251) (255) (255) (255) (255) (255)
(255) (249) (255) (255) (249) (255) (244) (1) (0) (0) (0) (0) (0) (0) (0) (0) (0) (0) (0) (0) (0) (0) (0) (0) (0) (0) (0) (0) (0) (0) (0) (0) (0) (0) (21) (0) (0) (5) (244) (5) (246) (255) (255) (255) (19) (0) (4) (3) (0) (2) (248) (255) (0) (5) (253) (255) (255) (245) (253) (5) (0) (10) (0) (255) (255) (255) (255) (255) (255) (255) (255) (255) (255) (244) (255) (244) (0) (1) (10) (253) (255) (10) (0) (253) (0) (0) (1) (8) (0) (5) (3) (247) (255) (247) (255) (253) (255) (255) (255) (255)
(4) (9) (0) (0) (4) (0) (255) (255) (0) (0) (0) (0) (0) (0) (0) (0) (0) (0) (0) (0) (0) (0) (0) (0) (0) (0) (0) (0) (0) (0) (0) (0) (7) (0) (0) (4) (17) (4) (0) (7) (10) (0) (0) (255) (0) (26) (0) (5) (2) (255) (3) (0) (12) (245) (255) (253) (238) (242) (255) (249) (255) (0) (0) (6) (0) (0) (0) (0) (0) (0) (0) (0) (0) (0) (0) (13) (14) (250) (239) (255) (255) (240) (0) (20) (0) (7) (4) (0) (0) (6) (1) (241) (255) (255) (253) (255) (255) (255) (255) (255)
(0) (0) (1) (25) (0) (0) (255) (236) (0) (0) (0) (0) (0) (0) (0) (0) (0) (0) (0) (0) (0) (0) (0) (0) (0) (0) (0) (0) (0) (0) (0) (0) (0) (17) (9) (0) (0) (0) (0) (0) (1) (8) (0) (3) (0) (0) (0) (0) (0) (0) (0) (0) (249) (255) (255) (237) (255) (255) (239) (242) (255) (255) (0) (1) (0) (0) (0) (0) (0) (0) (0) (0) (10) (19) (0) (0) (14) (242) (255) (254) (255) (255) (2) (18) (0) (0) (9) (4) (9) (0) (255) (255) (241) (244) (255) (239) (255) (255) (255) (255)
(250) (255) (255) (249) (0) (0) (18) (0) (0) (0) (0) (0) (0) (0) (0) (0) (0) (0) (0) (0) (0) (0) (0) (0) (0) (0) (0) (0) (0) (0) (0) (0) (4) (0) (2) (4) (0) (18) (0) (10) (0) (11) (0) (1) (7) (12) (13) (2) (0) (17) (0) (255) (255) (243) (255) (255) (248) (250) (255) (244) (255) (255) (254) (254) (255) (255) (255) (255) (255) (255) (255) (255) (248) (244) (248) (255) (241) (255) (249) (251) (254) (250) (1) (0) (0) (10) (0) (3) (0) (255) (242) (255) (244) (255) (255) (253) (255) (255) (255) (255)
(3) (0) (13) (0) (8) (0) (0) (13) (0) (0) (0) (0) (0) (0) (0) (0) (0) (0) (0) (0) (0) (0) (0) (0) (0) (0) (0) (0) (0) (0) (0) (0) (5) (0) (9) (5) (255) (246) (255) (247) (255) (243) (255) (253) (254) (226) (255) (249) (255) (247) (255) (253) (255) (255) (247) (255) (255) (242) (255) (255) (255) (247) (254) (253) (253) (253) (253) (253) (253) (253) (253) (253) (255) (255) (255) (255) (255) (252) (255) (255) (250) (249) (0) (0) (23) (4) (0) (4) (19) (251) (255) (243) (255) (255) (255) (255) (255) (255) (255) (255)
(2) (11) (0) (3) (11) (1) (0) (6) (0) (0) (0) (0) (0) (0) (0) (0) (0) (0) (0) (0) (0) (0) (0) (0) (0) (0) (0) (0) (0) (0) (0) (0) (0) (11) (0) (255) (236) (255) (255) (248) (238) (255) (254) (243) (255) (255) (240) (255) (255) (236) (255) (255) (235) (255) (255) (249) (233) (255) (254) (243) (255) (243) (255) (255) (255) (255) (255) (255) (255) (255) (255) (255) (233) (254) (255) (246) (252) (255) (255) (253) (255) (255) (255) (2) (0) (0) (1) (2) (0) (230) (255) (255) (255) (243) (242) (255) (255) (255) (255) (255)
(0) (2) (4) (6) (0) (0) (25) (0) (0) (0) (0) (0) (0) (0) (0) (0) (0) (0) (0) (0) (0) (0) (0) (0) (0) (0) (0) (0) (0) (0) (0) (0) (9) (0) (1) (14) (246) (255) (255) (254) (255) (247) (244) (250) (255) (251) (250) (255) (240) (255) (254) (255) (255) (248) (255) (248) (255) (235) (251) (255) (243) (244) (255) (245) (254) (254) (254) (254) (254) (254) (254) (254) (255) (255) (255) (242) (255) (255) (255) (244) (240) (255) (0) (3) (0) (20) (4) (0) (12) (255) (249) (246) (247) (253) (255) (250) (255) (255) (255) (255)
(2) (7) (0) (0) (9) (1) (11) (0) (0) (0) (0) (0) (0) (0) (0) (0) (0) (0) (0) (0) (0) (0) (0) (0) (0) (0) (0) (0) (0) (0) (0) (0) (0) (6) (0) (0) (252) (255) (248) (255) (252) (251) (255) (255) (247) (255) (255) (247) (252) (255) (250) (248) (255) (249) (255) (255) (255) (255) (255) (244) (253) (255) (253) (255) (254) (254) (254) (254) (254) (254) (254) (254) (249) (250) (255) (251) (255) (252) (251) (255) (255) (247) (8) (7) (0) (0) (0) (3) (0) (255) (243) (255) (255) (255) (255) (251) (255) (255) (255) (255)
(2) (0) (9) (0) (0) (0) (0) (2) (0) (0) (0) (0) (0) (0) (0) (0) (0) (3) (0) (0) (0) (0) (16) (0) (12) (0) (12) (5) (0) (9) (0) (0) (16) (0) (4) (3) (0) (255) (248) (252) (255) (253) (255) (255) (244) (255) (250) (255) (254) (255) (252) (254) (251) (246) (255) (255) (255) (255) (255) (255) (255) (255) (255) (255) (255) (255) (255) (255) (255) (255) (255) (255) (255) (255) (251) (252) (255) (255) (242) (255) (255) (0) (1) (0) (9) (0) (0) (4) (255) (255) (255) (255) (255) (255) (255) (255) (255) (255) (255) (255)
(17) (0) (3) (0) (0) (0) (3) (0) (0) (0) (0) (0) (0) (0) (0) (0) (6) (0) (7) (0) (3) (15) (0) (7) (0) (9) (3) (0) (7) (5) (0) (9) (0) (12) (2) (0) (15) (0) (253) (255) (249) (251) (247) (248) (255) (244) (255) (252) (250) (255) (255) (255) (255) (255) (255) (241) (255) (255) (255) (255) (255) (255) (255) (255) (255) (255) (255) (255) (255) (255) (255) (255) (251) (245) (255) (255) (238) (255) (255) (254) (246) (0) (0) (0) (0) (0) (1) (255) (255) (255) (255) (255) (255) (255) (255) (255) (255) (255) (255) (255)
(0) (0) (4) (17) (0) (0) (7) (0) (0) (0) (0) (0) (0) (0) (0) (0) (0) (12) (2) (0) (10) (0) (11) (0) (0) (16) (0) (0) (12) (0) (0) (0) (9) (0) (0) (1) (0) (0) (2) (0) (255) (255) (251) (239) (255) (255) (255) (254) (255) (244) (255) (251) (233) (242) (255) (255) (253) (253) (253) (253) (253) (253) (253) (253) (253) (253) (253) (253) (253) (253) (253) (253) (252) (255) (255) (239) (255) (255) (249) (0) (3) (0) (2) (16) (0) (255) (255) (227) (255) (255) (255) (255) (255) (255) (255) (255) (255) (255) (255) (255)
(12) (15) (0) (0) (0) (6) (11) (0) (0) (0) (0) (0) (0) (0) (0) (0) (1) (0) (0) (3) (0) (0) (0) (6) (9) (0) (0) (0) (1) (1) (5) (2) (0) (0) (16) (0) (0) (20) (0) (3) (4) (0) (4) (255) (253) (251) (242) (253) (250) (255) (249) (255) (255) (254) (255) (240) (255) (255) (255) (255) (255) (255) (255) (255) (255) (255) (255) (255) (255) (255) (255) (255) (255) (251) (254) (255) (240) (255) (0) (6) (3) (15) (0) (0) (255) (241) (255) (254) (255) (255) (255) (255) (255) (255) (255) (255) (255) (255) (255) (255)
(0) (3) (2) (0) (3) (0) (0) (1) (0) (0) (0) (0) (0) (0) (0) (0) (11) (13) (244) (8) (0) (29) (0) (0) (0) (1) (12) (0) (0) (12) (0) (2) (1) (0) (0) (0) (22) (0) (0) (0) (0) (17) (0) (0) (247) (255) (255) (255) (4) (255) (0) (0) (255) (255) (229) (255) (252) (252) (252) (252) (252) (252) (252) (252) (252) (252) (252) (252) (252) (252) (252) (252) (252) (251) (255) (245) (249) (0) (0) (0) (0) (0) (5) (0) (245) (255) (252) (255) (255) (255) (255) (255) (255) (255) (255) (255) (255) (255) (255) (255)
(24) (0) (9) (0) (8) (0) (0) (5) (0) (0) (0) (0) (0) (0) (0) (0) (0) (0) (255) (0) (0) (0) (14) (250) (253) (2) (0) (37) (0) (0) (1) (0) (9) (1) (9) (4) (0) (7) (0) (24) (0) (0) (24) (0) (255) (255) (0) (0) (14) (0) (15) (5) (255) (234) (255) (255) (255) (255) (255) (255) (255) (255) (255) (255) (255) (255) (255) (255) (255) (255) (255) (255) (255) (245) (3) (5) (7) (0) (10) (5) (4) (2) (15) (249) (255) (252) (255) (251) (255) (255) (255) (255) (255) (255) (255) (255) (255) (255) (255) (255)
(234) (22) (0) (0) (6) (7) (15) (0) (0) (0) (0) (0) (0) (0) (0) (0) (6) (13) (255) (247) (10) (3) (0) (10) (0) (3) (0) (0) (0) (8) (0) (12) (0) (4) (0) (0) (5) (0) (9) (0) (7) (0) (0) (21) (245) (255) (7) (2) (0) (0) (2) (0) (0) (3) (15) (0) (0) (0) (0) (0) (0) (0) (0) (0) (0) (0) (0) (0) (0) (0) (0) (0) (0) (0) (0) (4) (0) (0) (6) (0) (0) (10) (240) (255) (255) (240) (252) (255) (255) (255) (255) (255) (255) (255) (255) (255) (255) (255) (255) (255)
(255) (0) (4) (10) (0) (0) (14) (0) (0) (0) (0) (0) (0) (0) (0) (0) (1) (0) (9) (2) (0) (0) (12) (0) (5) (0) (1) (11) (0) (0) (13) (0) (1) (5) (0) (8) (0) (0) (2) (4) (6) (255) (255) (255) (0) (0) (255) (255) (255) (0) (255) (248) (5) (1) (0) (0) (1) (1) (1) (1) (1) (1) (1) (1) (1) (1) (1) (1) (1) (1) (1) (1) (0) (11) (0) (0) (10) (0) (0) (6) (0) (255) (255) (245) (250) (255) (255) (252) (255) (255) (255) (255) (255) (255) (255) (255) (255) (255) (255) (255)
(0) (11) (0) (0) (2) (0) (10) (0) (2) (0) (25) (2) (0) (0) (6) (0) (253) (255) (0) (0) (3) (0) (4) (3) (0) (6) (0) (2) (4) (0) (4) (5) (0) (5) (0) (3) (2) (1) (0) (255) (243) (255) (255) (1) (251) (255) (238) (255) (0) (255) (255) (255) (0) (255) (253) (255) (255) (247) (255) (255) (243) (244) (255) (255) (249) (255) (255) (255) (246) (7) (248) (3) (0) (8) (12) (0) (18) (0) (7) (0) (255) (255) (255) (255) (255) (255) (255) (255) (255) (255) (255) (255) (255) (255) (255) (255) (255) (255) (255) (255)
(1) (14) (6) (0) (1) (14) (0) (10) (7) (4) (0) (0) (24) (0) (0) (2) (255) (0) (9) (18) (3) (4) (0) (3) (0) (8) (0) (5) (0) (19) (0) (3) (11) (0) (0) (8) (0) (14) (255) (255) (255) (255) (247) (249) (255) (254) (0) (0) (255) (0) (10) (247) (255) (0) (0) (3) (1) (0) (4) (2) (1) (22) (0) (241) (12) (0) (4) (0) (253) (248) (255) (0) (15) (0) (5) (0) (0) (11) (250) (255) (255) (255) (255) (255) (255) (255) (255) (255) (255) (255) (255) (255) (255) (255) (255) (255) (255) (255) (255) (255)
(254) (242) (0) (0) (12) (0) (22) (0) (1) (0) (6) (3) (0) (8) (10) (4) (245) (17) (0) (0) (255) (255) (12) (2) (0) (0) (10) (11) (0) (0) (4) (0) (0) (0) (17) (0) (6) (244) (246) (247) (238) (255) (245) (255) (251) (253) (255) (252) (252) (248) (251) (0) (0) (9) (0) (0) (9) (2) (0) (0) (6) (0) (255) (255) (0) (254) (0) (0) (6) (4) (0) (0) (0) (6) (0) (0) (21) (0) (255) (252) (255) (255) (255) (255) (255) (255) (255) (255) (255) (255) (255) (255) (255) (255) (255) (255) (255) (255) (255) (255)
(0) (16) (1) (0) (0) (8) (0) (21) (0) (0) (5) (3) (10) (0) (0) (248) (255) (0) (17) (5) (255) (232) (5) (248) (10) (0) (0) (0) (0) (2) (2) (3) (0) (5) (0) (0) (255) (252) (11) (255) (255) (240) (255) (247) (253) (255) (255) (254) (253) (255) (255) (7) (2) (0) (0) (13) (232) (255) (240) (255) (237) (255) (255) (252) (250) (252) (255) (251) (0) (0) (2) (255) (3) (0) (0) (7) (0) (255) (244) (255) (255) (255) (255) (255) (255) (255) (255) (255) (255) (255) (255) (255) (255) (255) (255) (255) (255) (255) (255) (255)
(0) (0) (0) (11) (6) (3) (6) (0) (0) (0) (2) (0) (1) (10) (0) (255) (255) (0) (0) (255) (0) (255) (255) (0) (0) (14) (13) (0) (10) (9) (0) (0) (11) (0) (0) (255) (248) (251) (255) (230) (245) (252) (255) (255) (252) (255) (230) (255) (255) (0) (3) (0) (255) (254) (250) (248) (255) (249) (255) (255) (255) (250) (250) (255) (249) (255) (240) (255) (255) (239) (247) (255) (2) (0) (255) (255) (248) (250) (255) (255) (255) (255) (255) (255) (255) (255) (255) (255) (255) (255) (255) (255) (255) (255) (255) (255) (255) (255) (255) (255)
(8) (0) (7) (0) (0) (0) (9) (4) (0) (17) (0) (1) (0) (0) (12) (244) (255) (4) (5) (235) (255) (251) (242) (4) (7) (241) (0) (0) (2) (0) (13) (2) (4) (0) (11) (248) (251) (255) (229) (255) (255) (255) (242) (247) (255) (254) (255) (255) (255) (0) (0) (255) (239) (255) (255) (252) (247) (248) (255) (255) (239) (255) (255) (255) (255) (242) (253) (246) (235) (255) (255) (248) (252) (13) (0) (238) (255) (255) (254) (244) (255) (255) (255) (255) (255) (255) (255) (255) (255) (255) (255) (255) (255) (255) (255) (255) (255) (255) (255) (255)
(5) (0) (8) (5) (0) (12) (0) (2) (6) (0) (0) (12) (0) (17) (0) (1) (255) (249) (255) (255) (249) (255) (0) (16) (2) (255) (255) (245) (0) (255) (240) (255) (245) (2) (255) (246) (255) (245) (255) (238) (248) (240) (255) (255) (241) (250) (250) (255) (8) (16) (245) (255) (255) (231) (250) (255) (255) (255) (242) (255) (253) (252) (246) (251) (255) (239) (255) (255) (245) (255) (251) (0) (255) (248) (1) (17) (254) (235) (255) (255) (255) (255) (255) (255) (255) (255) (255) (255) (255) (255) (255) (255) (255) (255) (255) (255) (255) (255) (255) (255)
(0) (21) (0) (11) (1) (8) (0) (0) (1) (1) (4) (0) (11) (0) (2) (253) (0) (255) (253) (255) (0) (10) (252) (0) (0) (252) (254) (8) (1) (251) (255) (252) (255) (255) (244) (255) (255) (242) (252) (255) (255) (255) (251) (248) (255) (247) (255) (0) (0) (255) (255) (231) (255) (255) (251) (252) (248) (255) (255) (233) (255) (255) (251) (255) (250) (255) (246) (255) (252) (252) (243) (9) (248) (255) (249) (0) (0) (255) (255) (253) (255) (255) (255) (255) (255) (255) (255) (255) (255) (255) (255) (255) (255) (255) (255) (255) (255) (255) (255) (255)
(0) (0) (0) (0) (0) (0) (0) (0) (1) (0) (7) (6) (0) (9) (0) (255) (249) (255) (1) (2) (3) (250) (0) (10) (0) (255) (9) (8) (0) (3) (255) (255) (255) (250) (255) (255) (245) (255) (255) (239) (251) (254) (255) (252) (253) (255) (2) (0) (13) (241) (255) (250) (255) (240) (255) (246) (255) (255) (255) (255) (255) (255) (255) (255) (255) (255) (255) (255) (255) (255) (255) (255) (255) (255) (248) (255) (0) (4) (245) (255) (255) (243) (255) (243) (251) (255) (255) (255) (255) (255) (255) (255) (255) (255) (255) (255) (255) (255) (255) (255)
(0) (0) (0) (0) (0) (0) (0) (0) (4) (4) (3) (0) (11) (0) (255) (251) (3) (0) (0) (0) (10) (244) (255) (0) (6) (0) (0) (0) (12) (251) (239) (2) (255) (254) (249) (244) (255) (245) (255) (255) (255) (241) (255) (254) (255) (239) (15) (0) (241) (255) (251) (255) (255) (239) (255) (255) (255) (255) (255) (255) (255) (255) (255) (255) (255) (255) (255) (255) (255) (255) (255) (255) (249) (4) (255) (251) (255) (9) (2) (255) (235) (255) (255) (255) (255) (248) (236) (255) (255) (255) (255) (255) (255) (255) (255) (255) (255) (255) (255) (255)
(0) (0) (0) (0) (0) (0) (0) (0) (0) (0) (13) (1) (1) (0) (255) (251) (255) (0) (18) (15) (255) (0) (249) (12) (0) (12) (8) (2) (254) (255) (255) (250) (0) (255) (255) (255) (255) (252) (255) (249) (251) (255) (250) (255) (246) (10) (0) (0) (255) (243) (255) (255) (255) (255) (254) (248) (255) (255) (255) (255) (255) (255) (255) (255) (255) (255) (255) (255) (255) (255) (255) (255) (255) (0) (255) (255) (227) (0) (3) (0) (255) (255) (243) (255) (250) (255) (255) (255) (255) (255) (255) (255) (255) (255) (255) (255) (255) (255) (255) (255)
(0) (0) (0) (0) (0) (0) (0) (0) (10) (6) (0) (12) (0) (245) (236) (255) (255) (2) (0) (251) (0) (255) (254) (239) (6) (0) (0) (9) (243) (3) (255) (255) (4) (224) (253) (255) (255) (247) (253) (255) (252) (246) (246) (255) (254) (6) (2) (255) (249) (245) (255) (251) (235) (255) (255) (251) (255) (255) (255) (255) (255) (255) (255) (255) (255) (255) (255) (255) (255) (255) (255) (255) (0) (4) (255) (254) (255) (250) (0) (11) (0) (240) (255) (249) (255) (255) (246) (252) (255) (255) (255) (255) (255) (255) (255) (255) (255) (255) (255) (255)
(0) (0) (0) (0) (0) (0) (0) (0) (0) (0) (0) (0) (4) (24) (0) (254) (255) (2) (0) (255) (8) (3) (249) (255) (255) (255) (11) (1) (254) (255) (255) (0) (14) (0) (255) (237) (239) (255) (255) (248) (255) (253) (255) (244) (255) (0) (1) (238) (255) (255) (251) (253) (255) (252) (252) (255) (255) (255) (255) (255) (255) (255) (255) (255) (255) (255) (255) (255) (255) (255) (255) (255) (255) (0) (255) (255) (233) (255) (0) (0) (5) (249) (255) (255) (242) (253) (255) (249) (255) (255) (255) (255) (255) (255) (255) (255) (255) (255) (255) (255)
(0) (0) (0) (0) (0) (0) (0) (0) (0) (11) (0) (22) (0) (0) (255) (255) (239) (23) (0) (4) (1) (4) (0) (247) (3) (255) (0) (3) (242) (250) (255) (253) (236) (27) (238) (254) (255) (255) (246) (255) (255) (248) (255) (255) (255) (0) (1) (255) (240) (255) (242) (255) (255) (250) (251) (255) (255) (255) (255) (255) (255) (255) (255) (255) (255) (255) (255) (255) (255) (255) (255) (255) (254) (255) (245) (255) (255) (238) (6) (5) (0) (255) (249) (251) (253) (255) (255) (248) (255) (255) (255) (255) (255) (255) (255) (255) (255) (255) (255) (255)
(0) (0) (0) (0) (0) (0) (0) (0) (5) (0) (2) (0) (10) (255) (250) (252) (13) (0) (4) (3) (0) (0) (255) (3) (242) (255) (0) (4) (8) (11) (0) (250) (255) (237) (255) (255) (247) (252) (255) (255) (240) (255) (247) (232) (5) (0) (255) (250) (253) (255) (255) (250) (246) (249) (255) (255) (255) (255) (255) (255) (255) (255) (255) (255) (255) (255) (255) (255) (255) (255) (255) (255) (255) (255) (248) (255) (255) (245) (255) (0) (0) (5) (5) (243) (255) (243) (239) (255) (255) (255) (255) (255) (255) (255) (255) (255) (255) (255) (255) (255)
(0) (0) (0) (0) (0) (0) (0) (0) (0) (4) (6) (0) (255) (255) (0) (6) (248) (255) (255) (0) (11) (8) (248) (254) (255) (0) (255) (4) (0) (250) (255) (253) (255) (255) (246) (255) (255) (255) (255) (251) (255) (241) (255) (4) (6) (0) (247) (255) (255) (243) (255) (255) (251) (255) (255) (244) (255) (255) (255) (255) (255) (255) (255) (255) (255) (255) (255) (255) (255) (255) (255) (255) (255) (240) (19) (249) (246) (255) (250) (255) (0) (0) (11) (245) (254) (255) (255) (250) (255) (255) (255) (255) (255) (255) (255) (255) (255) (255) (255) (255)
(9) (0) (0) (4) (1) (0) (13) (0) (0) (0) (4) (0) (255) (255) (0) (2) (0) (255) (253) (254) (1) (0) (254) (255) (255) (255) (255) (255) (255) (255) (255) (255) (255) (238) (255) (255) (0) (253) (255) (253) (255) (250) (255) (0) (0) (0) (255) (254) (255) (255) (255) (255) (255) (255) (255) (255) (255) (255) (255) (255) (255) (255) (255) (255) (255) (255) (255) (255) (255) (255) (255) (255) (253) (255) (0) (255) (254) (255) (253) (255) (0) (0) (2) (254) (251) (247) (255) (250) (255) (255) (255) (255) (255) (255) (255) (255) (255) (255) (255) (255)
(231) (255) (0) (0) (0) (2) (7) (0) (0) (0) (4) (0) (255) (255) (0) (2) (0) (255) (253) (254) (1) (0) (254) (255) (255) (255) (255) (255) (255) (255) (255) (255) (255) (248) (255) (253) (250) (255) (242) (255) (255) (250) (255) (0) (0) (0) (255) (254) (255) (255) (255) (255) (255) (255) (255) (255) (255) (255) (255) (255) (255) (255) (255) (255) (255) (255) (255) (255) (255) (255) (255) (255) (253) (255) (0) (255) (254) (255) (253) (255) (0) (13) (0) (5) (255) (240) (255) (249) (255) (255) (255) (255) (255) (255) (255) (255) (255) (255) (255) (255)
(255) (246) (255) (0) (18) (0) (5) (7) (0) (0) (4) (0) (255) (255) (0) (2) (0) (255) (253) (254) (1) (0) (254) (255) (255) (255) (255) (255) (255) (255) (255) (255) (255) (255) (250) (234) (255) (248) (255) (255) (255) (250) (255) (0) (0) (0) (255) (254) (255) (255) (255) (255) (255) (255) (255) (255) (255) (255) (255) (255) (255) (255) (255) (255) (255) (255) (255) (255) (255) (255) (255) (255) (253) (255) (0) (255) (254) (255) (253) (255) (0) (0) (8) (0) (255) (255) (252) (253) (255) (255) (255) (255) (255) (255) (255) (255) (255) (255) (255) (255)
(244) (247) (255) (248) (251) (255) (247) (1) (0) (0) (4) (0) (255) (255) (0) (2) (0) (255) (253) (254) (1) (0) (254) (255) (255) (255) (255) (255) (255) (255) (255) (255) (244) (255) (255) (255) (235) (250) (255) (243) (255) (250) (255) (0) (0) (0) (255) (254) (255) (255) (255) (255) (255) (255) (255) (255) (255) (255) (255) (255) (255) (255) (255) (255) (255) (255) (255) (255) (255) (255) (255) (255) (253) (255) (0) (255) (254) (255) (253) (255) (11) (0) (6) (19) (245) (251) (250) (255) (255) (255) (255) (255) (255) (255) (255) (255) (255) (255) (255) (255)
