(210) (210) (210) (210) (210) (210) (210) (210) (212) (210) (208) (208) (209) (210) (208) (205) (212) (204) (202) (215) (217) (192) (160) (139) (183) (212) (161) (149) (165) (203) (207) (210) (210) (210) (210) (210) (210) (210) (210) (210) (210) (210) (210) (210) (210) (210) (210) (210) (210) (210) (210) (210) (210) (210) (210) (210) (210) (210) (210) (210) (210) (210) (210) (210) (213) (206) (208) (213) (214) (213) (194) (163) (155) (155) (155) (155) (155) (155) (155) (155) (154) (154) (154) (154) (154) (154) (154) (154) (155) (152) (149) (156) (179) (204) (213) (209) (207) (208) (210) (210)
(210) (210) (210) (210) (210) (210) (210) (210) (210) (211) (211) (209) (207) (210) (217) (223) (223) (216) (212) (205) (202) (185) (158) (160) (157) (191) (168) (155) (159) (198) (206) (213) (210) (210) (210) (210) (210) (210) (210) (210) (210) (210) (210) (210) (210) (210) (210) (210) (210) (210) (210) (210) (210) (210) (210) (210) (210) (210) (210) (210) (210) (210) (210) (210) (207) (212) (219) (210) (188) (180) (178) (168) (153) (153) (153) (153) (153) (153) (153) (153) (154) (154) (154) (154) (154) (154) (154) (154) (155) (156) (154) (154) (163) (178) (186) (185) (208) (208) (208) (206)
(210) (210) (210) (210) (210) (210) (210) (210) (208) (212) (214) (210) (205) (210) (225) (239) (235) (221) (216) (203) (214) (204) (153) (151) (142) (154) (150) (145) (161) (212) (213) (207) (210) (210) (210) (210) (210) (210) (210) (210) (210) (210) (210) (210) (210) (210) (210) (210) (210) (210) (210) (210) (210) (210) (210) (210) (210) (210) (210) (210) (210) (210) (210) (210) (208) (209) (210) (188) (154) (143) (150) (151) (154) (154) (154) (154) (154) (154) (154) (154) (155) (155) (155) (155) (155) (155) (155) (155) (154) (158) (158) (153) (150) (154) (160) (164) (204) (209) (213) (212)
(210) (210) (210) (210) (210) (210) (210) (210) (209) (213) (214) (209) (205) (210) (224) (237) (233) (227) (228) (205) (212) (204) (151) (155) (159) (154) (158) (148) (159) (206) (212) (207) (210) (210) (210) (210) (210) (210) (210) (210) (210) (210) (210) (210) (210) (210) (210) (210) (210) (210) (210) (210) (210) (210) (210) (210) (210) (210) (210) (210) (210) (210) (210) (210) (220) (203) (188) (171) (153) (152) (156) (151) (155) (155) (155) (155) (155) (155) (155) (155) (154) (154) (154) (154) (154) (154) (154) (154) (150) (155) (157) (153) (149) (148) (153) (157) (174) (189) (208) (217)
(210) (210) (210) (210) (210) (210) (210) (210) (212) (212) (210) (208) (207) (210) (215) (219) (212) (232) (245) (205) (177) (166) (156) (187) (192) (193) (199) (174) (155) (167) (196) (214) (210) (210) (210) (210) (210) (210) (210) (210) (210) (210) (210) (210) (210) (210) (210) (210) (210) (210) (210) (210) (210) (210) (210) (210) (210) (210) (210) (210) (210) (210) (210) (210) (208) (182) (163) (155) (153) (159) (163) (154) (155) (155) (155) (155) (155) (155) (155) (155) (154) (154) (154) (154) (154) (154) (154) (154) (150) (151) (153) (154) (154) (153) (155) (158) (146) (166) (191) (208)
(210) (210) (210) (210) (210) (210) (210) (210) (213) (210) (207) (208) (210) (210) (206) (203) (182) (216) (233) (209) (169) (156) (172) (183) (205) (206) (196) (182) (170) (149) (187) (210) (210) (210) (210) (210) (210) (210) (210) (210) (210) (210) (210) (210) (210) (210) (210) (210) (210) (210) (210) (210) (210) (210) (210) (210) (210) (210) (210) (210) (210) (210) (210) (210) (203) (184) (173) (166) (155) (154) (159) (156) (159) (159) (159) (159) (159) (159) (159) (159) (160) (160) (160) (160) (160) (160) (160) (160) (161) (158) (157) (161) (163) (162) (162) (163) (168) (179) (194) (204)
(210) (210) (210) (210) (210) (210) (210) (210) (210) (209) (208) (209) (211) (210) (205) (201) (161) (195) (210) (215) (179) (167) (198) (171) (188) (195) (168) (185) (202) (152) (190) (205) (210) (210) (210) (210) (210) (210) (210) (210) (210) (210) (210) (210) (210) (210) (210) (210) (210) (210) (210) (210) (210) (210) (210) (210) (210) (210) (210) (210) (210) (210) (210) (210) (218) (208) (207) (203) (186) (177) (180) (180) (177) (177) (177) (177) (177) (177) (177) (177) (178) (178) (178) (178) (178) (178) (178) (178) (181) (178) (177) (181) (181) (177) (178) (182) (203) (205) (207) (207)
(210) (210) (210) (210) (210) (210) (210) (210) (208) (208) (209) (210) (211) (210) (208) (206) (153) (192) (204) (215) (168) (159) (222) (194) (166) (196) (174) (205) (221) (144) (189) (214) (210) (210) (210) (210) (210) (210) (210) (210) (210) (210) (210) (210) (210) (210) (210) (210) (210) (210) (210) (210) (210) (210) (210) (210) (210) (210) (210) (210) (210) (210) (210) (210) (205) (197) (204) (210) (201) (195) (196) (194) (196) (196) (196) (196) (196) (196) (196) (196) (195) (195) (195) (195) (195) (195) (195) (195) (199) (196) (198) (201) (198) (192) (195) (203) (206) (206) (207) (207)
(210) (210) (210) (210) (210) (210) (210) (210) (201) (220) (205) (200) (215) (185) (196) (191) (156) (186) (188) (204) (155) (162) (202) (196) (184) (148) (187) (189) (190) (147) (184) (190) (197) (188) (188) (197) (208) (195) (228) (199) (211) (221) (198) (212) (216) (200) (213) (204) (207) (220) (215) (202) (202) (210) (211) (210) (211) (220) (200) (210) (214) (201) (212) (207) (198) (197) (205) (204) (193) (194) (204) (204) (196) (177) (207) (214) (204) (173) (198) (210) (206) (197) (191) (206) (215) (187) (179) (212) (210) (203) (178) (196) (208) (199) (204) (187) (204) (204) (205) (204)
(210) (210) (210) (210) (210) (210) (210) (210) (214) (211) (208) (216) (214) (171) (150) (141) (150) (152) (162) (143) (159) (158) (130) (158) (147) (159) (144) (156) (167) (159) (139) (161) (155) (159) (170) (148) (190) (212) (209) (214) (206) (205) (214) (220) (202) (206) (226) (213) (219) (191) (202) (210) (220) (205) (212) (204) (214) (208) (216) (207) (209) (208) (218) (197) (202) (198) (200) (197) (187) (191) (203) (206) (181) (165) (188) (193) (187) (167) (191) (200) (200) (194) (186) (197) (203) (179) (171) (196) (194) (191) (175) (192) (203) (194) (198) (183) (200) (201) (202) (202)
(210) (210) (210) (210) (210) (210) (210) (210) (218) (202) (200) (188) (164) (158) (154) (164) (56) (39) (53) (50) (133) (165) (151) (158) (147) (173) (148) (156) (157) (173) (143) (153) (151) (145) (153) (146) (165) (182) (207) (218) (160) (55) (63) (54) (97) (205) (208) (208) (222) (202) (210) (224) (212) (214) (220) (212) (218) (196) (215) (210) (209) (208) (215) (197) (205) (200) (202) (200) (191) (195) (205) (205) (200) (191) (206) (207) (204) (191) (204) (205) (201) (200) (195) (200) (205) (192) (186) (200) (198) (197) (187) (197) (203) (198) (202) (195) (202) (202) (203) (203)
(210) (210) (210) (210) (210) (210) (210) (210) (212) (207) (221) (189) (151) (159) (127) (101) (78) (73) (64) (70) (88) (118) (175) (144) (155) (155) (163) (134) (89) (101) (146) (157) (162) (156) (143) (172) (154) (165) (224) (142) (100) (60) (70) (70) (80) (135) (180) (220) (200) (218) (208) (209) (141) (131) (143) (202) (213) (208) (196) (217) (216) (202) (202) (207) (204) (200) (207) (210) (203) (203) (207) (201) (200) (199) (206) (206) (206) (200) (200) (194) (205) (207) (207) (208) (210) (208) (207) (210) (209) (208) (203) (204) (204) (202) (207) (208) (206) (206) (205) (204)
(210) (210) (210) (210) (210) (210) (210) (210) (215) (201) (218) (190) (156) (142) (91) (52) (123) (139) (130) (128) (66) (64) (129) (151) (147) (150) (155) (104) (23) (23) (102) (158) (153) (165) (145) (162) (156) (178) (183) (61) (73) (149) (125) (150) (110) (40) (133) (189) (207) (216) (206) (187) (102) (7) (43) (191) (186) (235) (188) (216) (214) (206) (197) (209) (203) (196) (200) (203) (199) (202) (206) (199) (207) (207) (198) (198) (200) (205) (201) (201) (202) (204) (207) (202) (195) (194) (195) (192) (190) (195) (204) (203) (201) (200) (197) (198) (199) (200) (201) (202)
(210) (210) (210) (210) (210) (210) (210) (210) (219) (197) (212) (182) (140) (80) (84) (110) (95) (97) (101) (106) (80) (70) (59) (148) (183) (139) (57) (73) (108) (130) (77) (66) (146) (161) (159) (145) (153) (138) (68) (91) (97) (108) (83) (84) (93) (54) (54) (106) (205) (226) (171) (48) (103) (134) (119) (44) (138) (223) (200) (209) (205) (218) (203) (200) (203) (190) (184) (183) (181) (192) (203) (201) (200) (193) (163) (155) (152) (162) (158) (171) (203) (202) (205) (195) (172) (164) (166) (160) (159) (171) (199) (203) (202) (202) (185) (182) (183) (187) (192) (198)
(210) (210) (210) (210) (210) (210) (210) (210) (213) (209) (231) (197) (149) (33) (63) (115) (108) (86) (85) (89) (101) (81) (36) (74) (86) (95) (82) (110) (141) (135) (86) (76) (103) (137) (163) (156) (153) (96) (7) (124) (117) (84) (106) (83) (101) (106) (37) (67) (120) (109) (108) (81) (103) (101) (105) (78) (86) (137) (208) (207) (204) (218) (204) (201) (203) (186) (176) (174) (175) (189) (203) (203) (215) (204) (164) (157) (150) (157) (150) (173) (205) (200) (207) (196) (163) (150) (155) (151) (150) (164) (200) (203) (204) (206) (182) (180) (175) (181) (189) (198)
(210) (210) (210) (210) (210) (210) (210) (210) (211) (208) (212) (172) (157) (39) (69) (96) (94) (88) (92) (99) (99) (75) (92) (38) (27) (39) (113) (120) (136) (116) (144) (118) (24) (109) (152) (168) (162) (119) (39) (75) (90) (98) (82) (94) (95) (86) (94) (66) (33) (25) (58) (129) (75) (83) (86) (101) (55) (44) (203) (211) (212) (208) (199) (212) (202) (186) (179) (180) (182) (195) (206) (203) (198) (192) (156) (160) (157) (163) (151) (179) (203) (197) (207) (201) (165) (150) (159) (159) (159) (168) (201) (199) (199) (206) (184) (184) (177) (183) (193) (202)
(212) (210) (207) (208) (210) (212) (211) (210) (208) (213) (211) (183) (154) (44) (80) (127) (88) (89) (79) (86) (107) (99) (81) (86) (53) (31) (90) (108) (142) (124) (133) (117) (28) (120) (149) (171) (158) (111) (24) (114) (117) (92) (92) (84) (82) (96) (92) (88) (71) (41) (39) (80) (69) (87) (93) (96) (62) (57) (199) (213) (211) (211) (207) (200) (205) (202) (204) (201) (196) (203) (206) (195) (206) (202) (196) (194) (199) (205) (200) (191) (206) (205) (204) (202) (201) (201) (201) (200) (197) (197) (200) (204) (203) (199) (199) (203) (200) (202) (204) (206)
(210) (210) (210) (210) (211) (210) (209) (208) (215) (208) (216) (182) (156) (115) (64) (77) (105) (72) (72) (79) (72) (94) (105) (73) (66) (26) (81) (90) (114) (103) (103) (84) (24) (122) (166) (130) (153) (152) (139) (70) (80) (112) (103) (60) (69) (87) (81) (104) (90) (76) (60) (52) (68) (77) (85) (92) (60) (55) (198) (213) (210) (211) (208) (201) (195) (195) (203) (204) (199) (205) (209) (199) (203) (204) (205) (205) (204) (204) (205) (206) (206) (203) (203) (207) (207) (204) (204) (207) (204) (201) (202) (205) (205) (201) (200) (201) (203) (202) (200) (200)
(209) (211) (212) (212) (210) (208) (207) (207) (205) (209) (193) (175) (154) (172) (96) (74) (79) (78) (81) (92) (96) (86) (91) (111) (78) (21) (75) (74) (85) (87) (81) (62) (51) (90) (132) (174) (152) (185) (220) (79) (74) (66) (96) (94) (70) (76) (84) (86) (98) (103) (77) (27) (58) (61) (76) (86) (56) (53) (197) (212) (209) (211) (208) (203) (202) (201) (207) (205) (196) (199) (205) (200) (187) (192) (201) (205) (197) (188) (195) (209) (201) (193) (194) (203) (203) (193) (192) (199) (206) (201) (199) (202) (203) (199) (196) (195) (208) (207) (204) (202)
(208) (210) (211) (211) (208) (207) (208) (210) (199) (216) (160) (165) (147) (165) (154) (125) (30) (77) (78) (57) (71) (82) (80) (92) (75) (18) (72) (68) (70) (82) (75) (62) (14) (42) (66) (145) (154) (169) (229) (216) (135) (46) (67) (112) (84) (68) (77) (80) (91) (100) (81) (37) (44) (50) (68) (80) (53) (50) (196) (211) (208) (210) (209) (205) (207) (203) (205) (199) (187) (191) (202) (203) (178) (182) (193) (201) (191) (177) (184) (204) (200) (188) (188) (201) (199) (183) (180) (190) (204) (197) (193) (197) (200) (198) (193) (191) (200) (202) (203) (204)
(209) (209) (208) (207) (207) (208) (211) (213) (213) (204) (159) (159) (147) (143) (165) (158) (123) (72) (64) (83) (76) (79) (95) (92) (70) (28) (72) (70) (64) (76) (72) (65) (40) (92) (79) (51) (171) (124) (84) (104) (79) (32) (35) (75) (104) (91) (63) (75) (92) (89) (85) (79) (42) (50) (64) (72) (51) (50) (196) (211) (208) (210) (210) (207) (199) (195) (201) (201) (191) (194) (205) (208) (192) (190) (198) (207) (200) (187) (190) (205) (206) (194) (195) (208) (206) (190) (187) (197) (204) (197) (193) (198) (202) (201) (198) (197) (196) (197) (199) (201)
(210) (208) (206) (206) (208) (210) (210) (209) (213) (170) (184) (162) (158) (151) (146) (158) (165) (101) (68) (82) (83) (62) (62) (79) (76) (58) (75) (75) (69) (70) (70) (67) (29) (81) (97) (59) (112) (95) (19) (31) (49) (54) (71) (63) (71) (104) (95) (71) (102) (90) (93) (109) (59) (63) (67) (69) (51) (50) (198) (213) (208) (210) (210) (209) (206) (201) (209) (212) (202) (196) (199) (196) (199) (195) (197) (203) (201) (194) (194) (200) (199) (191) (193) (203) (203) (194) (193) (201) (200) (195) (192) (197) (201) (200) (200) (201) (214) (212) (208) (205)
(212) (208) (206) (208) (213) (212) (206) (199) (188) (170) (201) (176) (161) (159) (152) (151) (142) (166) (112) (44) (63) (98) (85) (66) (78) (81) (64) (72) (76) (67) (72) (68) (35) (82) (125) (117) (32) (38) (27) (104) (136) (126) (133) (86) (40) (76) (107) (95) (99) (91) (89) (96) (86) (82) (78) (78) (52) (52) (199) (214) (209) (210) (211) (210) (213) (202) (202) (201) (188) (179) (178) (173) (179) (179) (179) (179) (179) (179) (179) (179) (177) (174) (175) (179) (180) (178) (179) (182) (181) (178) (177) (180) (181) (180) (182) (186) (204) (206) (208) (209)
(213) (209) (207) (212) (217) (214) (202) (190) (168) (204) (206) (192) (152) (145) (174) (145) (168) (105) (50) (26) (33) (70) (88) (70) (69) (83) (45) (58) (74) (63) (72) (67) (58) (102) (117) (105) (116) (73) (26) (89) (100) (114) (121) (106) (92) (60) (52) (108) (86) (87) (78) (65) (105) (95) (89) (89) (53) (53) (201) (215) (209) (210) (211) (210) (202) (183) (174) (170) (158) (155) (160) (160) (156) (159) (159) (155) (155) (160) (161) (159) (160) (160) (159) (158) (158) (159) (160) (160) (159) (157) (157) (159) (158) (156) (159) (164) (159) (171) (189) (205)
(208) (216) (208) (193) (189) (183) (176) (177) (187) (213) (209) (194) (149) (153) (154) (143) (111) (68) (59) (47) (47) (63) (64) (84) (80) (69) (56) (52) (61) (72) (74) (70) (81) (80) (81) (126) (88) (72) (50) (85) (99) (97) (110) (129) (106) (25) (49) (78) (88) (90) (77) (65) (83) (101) (88) (100) (69) (71) (139) (176) (216) (227) (192) (214) (210) (164) (148) (159) (155) (153) (160) (156) (154) (154) (155) (154) (153) (153) (154) (156) (155) (155) (155) (155) (155) (155) (155) (155) (154) (158) (160) (158) (155) (154) (153) (152) (156) (154) (173) (206)
(203) (203) (186) (162) (150) (148) (165) (192) (212) (215) (194) (182) (152) (164) (158) (142) (30) (75) (99) (87) (93) (72) (44) (90) (82) (80) (67) (51) (50) (64) (73) (72) (62) (42) (66) (107) (41) (54) (97) (103) (99) (99) (105) (113) (98) (51) (46) (48) (97) (99) (78) (83) (61) (57) (104) (96) (95) (95) (18) (157) (188) (192) (222) (215) (211) (176) (157) (154) (149) (155) (158) (145) (152) (153) (154) (155) (155) (155) (157) (158) (155) (155) (155) (155) (155) (155) (155) (155) (156) (155) (153) (151) (152) (155) (157) (157) (148) (164) (187) (204)
(162) (171) (180) (195) (211) (210) (205) (212) (212) (202) (180) (170) (146) (162) (156) (147) (31) (65) (83) (88) (114) (95) (44) (50) (65) (81) (87) (76) (68) (73) (75) (70) (103) (86) (54) (55) (35) (51) (90) (81) (91) (97) (105) (109) (104) (100) (55) (28) (46) (70) (58) (39) (37) (51) (89) (87) (79) (74) (64) (60) (80) (231) (205) (197) (208) (196) (182) (162) (147) (155) (161) (150) (154) (154) (155) (156) (157) (156) (156) (156) (155) (155) (155) (155) (155) (155) (155) (155) (157) (154) (152) (152) (153) (155) (157) (158) (155) (186) (208) (206)
(159) (170) (171) (173) (187) (190) (179) (174) (185) (186) (184) (174) (142) (154) (146) (149) (97) (73) (81) (89) (74) (73) (73) (61) (59) (76) (93) (98) (93) (87) (84) (83) (87) (114) (85) (58) (41) (44) (96) (107) (87) (95) (110) (115) (110) (127) (60) (26) (35) (57) (78) (54) (109) (100) (36) (71) (82) (75) (87) (53) (64) (126) (188) (220) (206) (212) (207) (181) (155) (150) (157) (159) (157) (156) (156) (156) (156) (155) (153) (151) (155) (155) (155) (155) (155) (155) (155) (155) (157) (156) (156) (157) (155) (153) (156) (161) (182) (207) (220) (211)
(163) (196) (200) (171) (155) (155) (159) (163) (150) (160) (182) (183) (157) (171) (150) (148) (149) (74) (39) (57) (67) (80) (87) (62) (80) (75) (81) (94) (95) (87) (88) (97) (85) (88) (98) (93) (54) (58) (101) (74) (88) (91) (103) (107) (96) (109) (55) (40) (44) (23) (79) (143) (209) (129) (45) (86) (88) (75) (57) (66) (65) (14) (141) (209) (213) (218) (214) (197) (176) (156) (149) (152) (156) (155) (153) (154) (156) (156) (154) (152) (155) (155) (155) (155) (155) (155) (155) (155) (155) (154) (155) (155) (150) (151) (164) (179) (207) (212) (215) (213)
(157) (200) (219) (208) (204) (206) (202) (198) (213) (209) (215) (194) (154) (149) (80) (44) (34) (42) (29) (34) (32) (13) (31) (63) (78) (67) (68) (82) (89) (82) (77) (80) (103) (99) (88) (92) (86) (71) (37) (28) (27) (25) (29) (32) (25) (29) (15) (20) (13) (93) (135) (118) (136) (173) (193) (37) (30) (30) (47) (29) (20) (34) (28) (79) (202) (212) (212) (209) (205) (183) (158) (153) (157) (154) (151) (153) (156) (159) (158) (156) (155) (155) (155) (155) (155) (155) (155) (155) (155) (151) (151) (154) (155) (161) (182) (204) (215) (206) (204) (210)
(172) (181) (180) (178) (188) (193) (194) (200) (205) (199) (207) (184) (155) (163) (82) (33) (58) (76) (69) (87) (104) (93) (86) (69) (51) (52) (55) (60) (72) (81) (75) (64) (65) (106) (98) (87) (81) (53) (10) (118) (132) (132) (130) (131) (136) (128) (143) (144) (146) (160) (159) (141) (121) (136) (208) (47) (74) (127) (117) (144) (137) (135) (58) (46) (136) (183) (209) (213) (216) (205) (187) (184) (166) (160) (154) (154) (157) (159) (158) (156) (155) (155) (155) (155) (155) (155) (155) (155) (157) (153) (158) (172) (182) (187) (200) (214) (212) (206) (205) (210)
(165) (167) (167) (171) (169) (157) (167) (198) (210) (208) (219) (185) (152) (163) (83) (34) (97) (93) (105) (131) (122) (134) (137) (56) (36) (44) (38) (27) (44) (79) (90) (75) (78) (81) (89) (91) (55) (59) (52) (190) (209) (215) (209) (206) (217) (193) (215) (198) (210) (200) (189) (136) (132) (152) (183) (44) (116) (220) (213) (205) (205) (211) (112) (50) (56) (146) (205) (207) (206) (207) (208) (218) (177) (169) (160) (156) (156) (157) (155) (152) (155) (155) (155) (155) (155) (155) (155) (155) (159) (157) (170) (196) (213) (212) (208) (210) (209) (212) (214) (213)
(173) (168) (165) (167) (169) (168) (169) (172) (184) (206) (206) (194) (155) (144) (90) (34) (98) (89) (89) (105) (81) (108) (115) (106) (115) (110) (114) (69) (42) (17) (94) (88) (63) (78) (62) (36) (150) (211) (225) (185) (186) (191) (200) (179) (193) (188) (190) (169) (177) (188) (191) (181) (132) (155) (175) (50) (104) (202) (177) (187) (197) (194) (197) (208) (207) (69) (80) (226) (223) (202) (218) (219) (223) (210) (212) (175) (143) (159) (156) (143) (153) (154) (151) (153) (157) (148) (144) (157) (194) (206) (213) (210) (206) (208) (209) (207) (210) (210) (210) (210)
(169) (165) (164) (168) (169) (167) (165) (166) (182) (206) (207) (193) (156) (161) (136) (104) (61) (79) (95) (94) (94) (88) (99) (115) (110) (108) (114) (83) (23) (75) (45) (56) (107) (56) (58) (135) (193) (161) (76) (85) (85) (87) (72) (70) (105) (166) (189) (181) (159) (152) (152) (192) (184) (165) (182) (146) (112) (77) (197) (125) (67) (91) (73) (121) (196) (151) (142) (79) (99) (117) (71) (86) (65) (120) (211) (201) (188) (158) (172) (176) (170) (173) (171) (174) (178) (172) (173) (190) (203) (210) (213) (209) (207) (210) (212) (210) (210) (210) (210) (210)
(173) (169) (170) (174) (175) (171) (167) (167) (183) (210) (211) (191) (148) (160) (156) (145) (12) (64) (101) (88) (110) (85) (88) (105) (94) (133) (111) (77) (61) (102) (91) (41) (77) (65) (98) (201) (165) (122) (56) (45) (52) (72) (61) (72) (96) (171) (183) (173) (122) (151) (142) (167) (190) (182) (194) (192) (125) (69) (161) (98) (21) (46) (66) (78) (156) (187) (148) (58) (14) (29) (50) (78) (74) (94) (162) (189) (209) (191) (170) (188) (175) (178) (176) (177) (181) (177) (184) (206) (207) (209) (208) (205) (204) (208) (210) (208) (210) (210) (210) (210)
(177) (173) (173) (176) (177) (172) (169) (170) (180) (209) (213) (192) (144) (151) (150) (144) (40) (72) (92) (85) (104) (96) (92) (91) (87) (110) (104) (115) (117) (70) (91) (85) (32) (137) (196) (189) (74) (61) (139) (123) (171) (203) (210) (205) (187) (198) (182) (165) (124) (177) (165) (146) (161) (180) (191) (177) (200) (152) (40) (19) (42) (134) (194) (176) (37) (155) (185) (186) (61) (74) (136) (212) (206) (164) (46) (158) (202) (181) (180) (170) (181) (184) (181) (180) (181) (178) (188) (212) (214) (213) (211) (210) (211) (213) (213) (211) (210) (210) (210) (210)
(178) (172) (169) (171) (171) (169) (168) (170) (176) (204) (209) (193) (149) (156) (155) (149) (131) (84) (61) (89) (89) (99) (96) (94) (96) (81) (95) (105) (106) (112) (54) (64) (143) (180) (168) (72) (94) (106) (153) (129) (135) (157) (191) (193) (197) (184) (189) (187) (172) (185) (179) (167) (156) (162) (181) (176) (176) (200) (156) (119) (106) (131) (129) (154) (154) (96) (109) (186) (146) (127) (52) (139) (174) (203) (137) (105) (96) (173) (180) (182) (178) (180) (177) (176) (177) (174) (184) (209) (208) (206) (206) (208) (209) (208) (206) (204) (210) (210) (210) (210)
(179) (173) (169) (171) (172) (170) (171) (173) (182) (204) (205) (190) (148) (158) (158) (155) (164) (71) (34) (97) (96) (98) (89) (97) (99) (90) (100) (80) (83) (78) (88) (94) (171) (167) (143) (0) (124) (141) (113) (142) (136) (134) (160) (165) (189) (173) (180) (177) (191) (181) (185) (181) (161) (169) (188) (184) (183) (174) (186) (166) (162) (127) (129) (148) (217) (60) (81) (191) (190) (144) (106) (99) (136) (174) (200) (104) (89) (146) (164) (178) (177) (179) (175) (176) (179) (176) (185) (208) (209) (208) (210) (213) (213) (209) (208) (210) (210) (210) (210) (210)
(178) (173) (172) (175) (176) (174) (173) (175) (187) (207) (206) (189) (146) (153) (155) (154) (148) (89) (55) (80) (96) (95) (89) (95) (93) (89) (105) (108) (80) (14) (128) (189) (147) (133) (110) (25) (111) (145) (130) (127) (127) (127) (137) (154) (180) (190) (193) (188) (181) (184) (189) (177) (172) (186) (190) (184) (185) (183) (180) (184) (176) (116) (140) (153) (184) (64) (91) (187) (178) (171) (175) (30) (95) (134) (165) (215) (158) (22) (122) (188) (182) (183) (178) (180) (184) (180) (183) (202) (207) (205) (207) (210) (208) (204) (207) (214) (210) (210) (210) (210)
(171) (168) (168) (173) (175) (172) (169) (170) (182) (205) (209) (196) (151) (156) (157) (157) (156) (146) (102) (45) (75) (88) (99) (99) (92) (94) (88) (75) (53) (154) (154) (133) (128) (132) (124) (127) (56) (61) (158) (126) (130) (139) (128) (140) (143) (178) (180) (181) (187) (186) (184) (185) (195) (186) (172) (190) (150) (151) (130) (156) (192) (193) (131) (142) (189) (49) (87) (189) (162) (142) (131) (175) (96) (54) (133) (168) (176) (170) (82) (72) (162) (161) (155) (156) (160) (152) (151) (166) (164) (162) (163) (165) (161) (158) (165) (176) (210) (210) (210) (210)
(168) (167) (165) (164) (168) (172) (169) (164) (178) (212) (212) (195) (152) (156) (150) (152) (148) (163) (143) (23) (66) (106) (68) (116) (93) (92) (101) (57) (38) (162) (141) (132) (139) (118) (143) (138) (87) (95) (86) (138) (138) (116) (144) (135) (127) (163) (168) (165) (155) (168) (159) (157) (169) (157) (157) (193) (152) (134) (159) (147) (155) (188) (167) (164) (181) (129) (108) (110) (143) (134) (153) (166) (128) (117) (138) (144) (161) (181) (89) (85) (102) (155) (159) (148) (150) (149) (157) (157) (155) (152) (152) (155) (153) (150) (155) (164) (184) (207) (212) (203)
(165) (175) (177) (168) (159) (160) (164) (166) (182) (208) (207) (181) (151) (157) (159) (160) (172) (153) (121) (56) (79) (98) (90) (83) (94) (83) (98) (71) (43) (139) (128) (134) (129) (141) (126) (128) (138) (103) (36) (94) (124) (161) (131) (123) (136) (128) (134) (126) (130) (137) (131) (130) (138) (133) (135) (159) (159) (147) (173) (158) (157) (186) (175) (180) (187) (186) (139) (59) (93) (167) (190) (133) (167) (167) (132) (133) (134) (132) (127) (115) (31) (117) (154) (159) (163) (156) (152) (143) (161) (156) (155) (157) (156) (152) (152) (156) (157) (195) (214) (209)
(194) (179) (166) (170) (186) (194) (184) (169) (181) (201) (212) (185) (165) (152) (157) (154) (154) (163) (168) (141) (76) (47) (104) (97) (94) (86) (99) (72) (37) (121) (126) (132) (127) (147) (119) (131) (152) (94) (18) (55) (83) (139) (131) (132) (143) (130) (136) (131) (127) (127) (126) (126) (128) (130) (133) (137) (165) (164) (194) (180) (169) (187) (181) (189) (191) (184) (180) (166) (179) (182) (185) (173) (184) (179) (139) (134) (131) (115) (142) (112) (31) (127) (159) (147) (148) (152) (161) (164) (154) (151) (151) (155) (156) (153) (151) (152) (158) (193) (213) (210)
(209) (188) (175) (176) (174) (167) (174) (189) (197) (205) (220) (187) (152) (96) (90) (92) (89) (87) (96) (98) (47) (35) (97) (91) (92) (98) (99) (61) (36) (121) (140) (127) (134) (131) (129) (136) (103) (68) (58) (51) (65) (70) (134) (142) (121) (133) (126) (125) (138) (133) (135) (137) (133) (136) (138) (129) (149) (158) (194) (192) (181) (190) (184) (187) (175) (179) (190) (192) (189) (180) (186) (193) (174) (144) (145) (130) (139) (137) (134) (96) (30) (148) (190) (178) (177) (170) (162) (155) (165) (168) (174) (179) (181) (181) (181) (183) (187) (205) (208) (204)
(209) (168) (148) (168) (179) (165) (158) (167) (164) (170) (196) (176) (130) (45) (25) (31) (44) (29) (31) (38) (41) (64) (84) (99) (93) (97) (83) (65) (68) (128) (143) (127) (136) (126) (130) (107) (56) (57) (92) (66) (73) (51) (102) (129) (129) (143) (136) (140) (135) (129) (133) (135) (129) (129) (130) (123) (128) (136) (165) (173) (170) (177) (175) (173) (182) (183) (175) (169) (170) (183) (182) (176) (157) (129) (132) (119) (133) (139) (141) (105) (36) (163) (209) (199) (206) (196) (179) (170) (183) (191) (198) (200) (199) (200) (204) (207) (192) (206) (208) (205)
(215) (122) (35) (16) (33) (39) (35) (35) (50) (38) (38) (34) (30) (25) (66) (110) (132) (137) (149) (132) (109) (89) (41) (81) (97) (86) (57) (81) (119) (131) (131) (132) (130) (138) (117) (57) (54) (70) (84) (80) (89) (92) (58) (92) (137) (126) (129) (133) (138) (135) (135) (138) (136) (131) (136) (149) (133) (130) (139) (143) (139) (143) (146) (140) (136) (127) (126) (151) (141) (128) (121) (140) (130) (143) (123) (130) (135) (122) (142) (100) (23) (138) (162) (140) (153) (154) (153) (162) (146) (152) (156) (153) (151) (153) (157) (159) (173) (198) (211) (210)
(87) (92) (97) (98) (95) (90) (87) (85) (76) (85) (87) (95) (89) (86) (63) (48) (59) (61) (82) (114) (121) (96) (31) (72) (97) (86) (39) (79) (147) (134) (124) (136) (131) (140) (109) (31) (65) (84) (72) (93) (108) (119) (71) (67) (83) (65) (65) (61) (65) (66) (60) (63) (70) (63) (76) (117) (143) (135) (131) (133) (126) (124) (129) (121) (123) (139) (135) (134) (113) (129) (134) (147) (119) (143) (131) (140) (140) (128) (100) (63) (32) (158) (193) (181) (192) (175) (160) (169) (173) (173) (171) (169) (175) (185) (189) (186) (181) (202) (212) (210)
(51) (101) (139) (136) (130) (138) (140) (130) (134) (146) (132) (135) (133) (148) (97) (45) (56) (45) (53) (102) (99) (67) (33) (91) (94) (97) (34) (61) (145) (138) (128) (137) (138) (128) (112) (35) (64) (86) (75) (106) (111) (102) (126) (85) (39) (52) (50) (45) (41) (45) (33) (37) (51) (43) (64) (125) (134) (130) (130) (138) (134) (131) (139) (130) (137) (132) (120) (141) (131) (138) (122) (128) (135) (128) (141) (127) (132) (149) (48) (31) (35) (170) (217) (214) (224) (195) (171) (182) (182) (178) (172) (175) (193) (212) (216) (209) (212) (216) (209) (205)
(130) (132) (129) (107) (124) (105) (110) (121) (121) (108) (117) (121) (104) (145) (134) (132) (124) (131) (122) (33) (13) (42) (33) (83) (91) (105) (25) (78) (144) (128) (124) (142) (138) (137) (122) (33) (51) (81) (80) (101) (109) (107) (112) (127) (142) (143) (126) (109) (114) (80) (59) (30) (121) (141) (135) (124) (131) (132) (130) (130) (131) (135) (135) (133) (134) (132) (140) (135) (132) (137) (141) (125) (137) (135) (133) (130) (133) (147) (53) (34) (45) (181) (210) (198) (215) (194) (176) (180) (179) (181) (183) (187) (193) (201) (209) (214) (210) (210) (210) (210)
(125) (141) (115) (53) (44) (60) (63) (41) (49) (49) (55) (50) (52) (122) (128) (118) (135) (134) (114) (93) (118) (76) (19) (89) (103) (81) (27) (95) (129) (127) (141) (125) (127) (74) (56) (32) (78) (83) (71) (111) (111) (110) (115) (128) (140) (140) (126) (113) (113) (95) (69) (25) (107) (132) (137) (143) (128) (145) (133) (136) (125) (44) (71) (44) (67) (57) (59) (62) (64) (85) (119) (137) (127) (132) (121) (132) (130) (45) (35) (30) (25) (69) (131) (238) (159) (162) (163) (161) (163) (158) (153) (152) (161) (178) (198) (212) (210) (210) (210) (210)
(80) (78) (78) (87) (77) (81) (76) (71) (81) (80) (92) (91) (65) (76) (80) (97) (86) (106) (130) (142) (135) (106) (77) (70) (79) (95) (38) (85) (137) (138) (133) (131) (136) (91) (57) (19) (58) (83) (74) (92) (111) (112) (116) (124) (131) (130) (122) (113) (99) (89) (60) (26) (117) (142) (130) (132) (132) (119) (136) (116) (106) (85) (78) (93) (85) (68) (86) (88) (66) (118) (162) (133) (123) (155) (138) (135) (135) (70) (99) (78) (78) (79) (112) (162) (192) (159) (164) (164) (173) (171) (168) (167) (171) (181) (194) (204) (210) (210) (210) (210)
(40) (24) (67) (166) (178) (175) (173) (197) (203) (204) (209) (190) (129) (68) (26) (19) (31) (76) (110) (115) (97) (118) (130) (60) (50) (91) (44) (78) (135) (141) (128) (135) (134) (136) (112) (49) (50) (82) (80) (80) (99) (100) (104) (108) (110) (109) (105) (102) (79) (77) (57) (37) (117) (130) (116) (137) (139) (148) (132) (64) (59) (207) (195) (201) (212) (211) (208) (204) (181) (196) (176) (129) (129) (130) (126) (163) (184) (191) (198) (207) (219) (230) (130) (20) (215) (207) (198) (219) (198) (200) (200) (199) (199) (202) (209) (214) (210) (210) (210) (210)
(144) (134) (148) (195) (182) (185) (176) (175) (179) (209) (213) (188) (169) (137) (84) (24) (25) (61) (42) (57) (96) (113) (120) (90) (68) (45) (28) (96) (120) (133) (140) (124) (129) (134) (132) (104) (68) (45) (29) (45) (45) (47) (49) (50) (50) (48) (48) (48) (36) (44) (39) (19) (54) (51) (63) (127) (131) (126) (109) (180) (181) (197) (181) (195) (175) (201) (180) (190) (201) (199) (164) (183) (176) (182) (178) (183) (185) (188) (195) (181) (173) (176) (201) (148) (68) (119) (188) (165) (180) (179) (177) (174) (176) (186) (202) (214) (210) (210) (210) (210)
(171) (169) (168) (176) (169) (178) (179) (176) (184) (210) (208) (180) (156) (103) (77) (51) (30) (34) (18) (37) (63) (86) (121) (115) (103) (52) (18) (93) (135) (136) (127) (135) (135) (133) (130) (130) (93) (66) (50) (63) (60) (61) (63) (62) (61) (60) (61) (61) (61) (64) (68) (57) (67) (60) (66) (119) (130) (139) (162) (167) (186) (184) (188) (182) (185) (193) (191) (174) (106) (152) (188) (187) (170) (182) (192) (187) (180) (102) (179) (177) (194) (190) (177) (180) (103) (108) (110) (168) (170) (173) (177) (177) (179) (186) (198) (207) (210) (210) (210) (210)
(171) (167) (168) (167) (175) (160) (162) (172) (185) (206) (212) (196) (147) (51) (68) (115) (51) (32) (32) (36) (22) (52) (108) (109) (116) (105) (51) (75) (122) (136) (120) (143) (132) (140) (131) (139) (124) (141) (143) (140) (138) (138) (138) (138) (138) (138) (138) (138) (139) (134) (138) (133) (138) (145) (133) (141) (138) (131) (190) (180) (199) (184) (177) (193) (176) (169) (185) (173) (59) (111) (178) (177) (211) (167) (181) (180) (153) (44) (133) (194) (179) (184) (183) (192) (189) (91) (44) (155) (191) (198) (205) (207) (205) (205) (211) (217) (210) (210) (210) (210)
(161) (173) (175) (151) (172) (160) (165) (169) (184) (219) (226) (195) (140) (44) (69) (118) (100) (68) (24) (19) (41) (35) (46) (99) (116) (125) (101) (76) (59) (121) (147) (122) (132) (133) (123) (144) (125) (135) (132) (127) (132) (131) (131) (131) (132) (133) (132) (131) (131) (131) (136) (115) (104) (129) (130) (126) (146) (188) (171) (191) (187) (171) (198) (170) (191) (194) (170) (192) (130) (79) (72) (173) (180) (184) (200) (96) (62) (125) (171) (181) (183) (189) (180) (184) (195) (99) (45) (166) (181) (181) (179) (173) (171) (179) (195) (209) (210) (210) (210) (210)
(177) (181) (171) (180) (189) (182) (197) (108) (103) (126) (132) (112) (98) (40) (58) (87) (109) (84) (74) (77) (51) (16) (27) (66) (86) (112) (132) (92) (62) (83) (110) (145) (127) (127) (140) (138) (125) (135) (145) (131) (133) (140) (124) (137) (136) (122) (135) (125) (131) (119) (114) (102) (129) (126) (133) (126) (160) (184) (182) (186) (187) (178) (186) (187) (187) (168) (191) (188) (143) (82) (31) (175) (194) (185) (189) (72) (40) (146) (172) (183) (180) (187) (188) (190) (181) (99) (40) (93) (101) (117) (182) (156) (168) (165) (203) (214) (210) (210) (210) (210)
(203) (193) (181) (195) (206) (200) (203) (92) (34) (42) (39) (36) (48) (14) (41) (74) (110) (121) (121) (98) (68) (51) (46) (45) (70) (88) (94) (129) (115) (48) (87) (107) (151) (134) (131) (136) (131) (126) (129) (132) (125) (131) (125) (130) (132) (133) (143) (140) (129) (96) (108) (146) (137) (123) (125) (129) (158) (181) (177) (182) (188) (181) (180) (171) (191) (180) (191) (183) (148) (108) (67) (162) (180) (179) (192) (109) (71) (137) (166) (190) (190) (180) (171) (184) (190) (106) (26) (59) (27) (82) (141) (171) (171) (174) (202) (203) (210) (210) (210) (210)
(207) (183) (173) (195) (205) (202) (198) (62) (48) (86) (112) (123) (117) (58) (48) (58) (57) (95) (119) (111) (105) (110) (104) (86) (59) (53) (109) (102) (115) (107) (65) (63) (123) (128) (130) (135) (140) (135) (131) (140) (136) (134) (139) (133) (135) (141) (124) (114) (94) (108) (127) (135) (91) (133) (151) (127) (159) (187) (184) (185) (189) (185) (190) (183) (178) (180) (185) (189) (179) (176) (162) (198) (187) (182) (193) (173) (159) (178) (184) (187) (182) (181) (181) (192) (187) (100) (33) (84) (113) (71) (48) (169) (209) (211) (205) (209) (210) (210) (210) (210)
(208) (181) (180) (205) (208) (209) (209) (66) (50) (100) (118) (124) (120) (79) (55) (43) (48) (67) (93) (114) (122) (118) (108) (101) (83) (65) (48) (96) (122) (112) (94) (72) (85) (127) (137) (125) (134) (140) (132) (129) (136) (128) (141) (126) (130) (141) (108) (95) (108) (124) (140) (140) (99) (108) (119) (118) (153) (186) (185) (178) (174) (171) (185) (188) (184) (185) (180) (186) (183) (187) (190) (182) (184) (179) (178) (191) (196) (192) (188) (176) (180) (186) (191) (197) (183) (95) (43) (109) (128) (108) (70) (106) (126) (196) (211) (208) (210) (210) (210) (210)
(192) (175) (179) (198) (193) (194) (205) (72) (57) (95) (86) (90) (115) (118) (81) (33) (64) (59) (71) (96) (108) (99) (90) (91) (96) (93) (46) (74) (81) (122) (118) (101) (22) (86) (123) (125) (131) (133) (131) (138) (140) (125) (132) (120) (123) (124) (75) (51) (135) (141) (117) (78) (100) (116) (134) (144) (155) (179) (176) (179) (185) (181) (188) (186) (193) (187) (181) (187) (184) (177) (190) (170) (183) (193) (181) (184) (184) (174) (180) (176) (179) (174) (171) (186) (191) (107) (29) (64) (80) (104) (119) (58) (58) (164) (200) (208) (210) (210) (210) (210)
(167) (163) (164) (173) (164) (163) (178) (59) (45) (98) (92) (97) (113) (121) (75) (19) (52) (51) (56) (69) (84) (93) (96) (95) (87) (104) (103) (58) (37) (123) (107) (116) (127) (68) (16) (35) (99) (139) (140) (135) (123) (140) (143) (86) (24) (24) (83) (157) (127) (130) (83) (31) (102) (138) (141) (128) (125) (134) (131) (161) (193) (193) (189) (177) (179) (172) (177) (182) (188) (180) (196) (188) (181) (193) (182) (181) (188) (175) (152) (130) (130) (141) (154) (177) (191) (109) (18) (35) (84) (86) (120) (43) (65) (169) (199) (208) (210) (210) (210) (210)
(171) (174) (165) (166) (167) (164) (172) (61) (46) (103) (95) (97) (96) (111) (99) (87) (53) (56) (59) (60) (64) (71) (79) (83) (91) (100) (80) (99) (80) (40) (92) (118) (109) (95) (100) (107) (85) (59) (60) (73) (64) (64) (65) (89) (107) (110) (123) (127) (119) (81) (67) (111) (150) (102) (55) (61) (67) (68) (66) (110) (150) (150) (151) (149) (155) (150) (161) (147) (156) (146) (151) (150) (152) (154) (148) (150) (168) (151) (94) (61) (70) (112) (144) (157) (158) (89) (27) (65) (65) (101) (127) (38) (54) (169) (213) (200) (210) (210) (210) (210)
(174) (180) (163) (162) (173) (170) (171) (61) (55) (97) (83) (96) (98) (112) (106) (109) (51) (48) (55) (64) (59) (50) (61) (82) (93) (73) (111) (87) (90) (48) (68) (102) (112) (114) (129) (117) (70) (45) (49) (49) (54) (51) (46) (98) (134) (130) (136) (120) (92) (66) (70) (131) (122) (89) (52) (60) (54) (55) (52) (88) (112) (104) (118) (137) (128) (127) (144) (116) (132) (129) (126) (129) (131) (131) (130) (120) (126) (108) (61) (56) (53) (100) (127) (124) (121) (70) (36) (93) (93) (86) (87) (79) (105) (170) (206) (211) (210) (210) (210) (210)
(204) (185) (178) (166) (171) (171) (165) (61) (60) (95) (90) (85) (103) (114) (116) (110) (116) (66) (38) (54) (69) (58) (51) (59) (55) (61) (89) (92) (95) (101) (67) (32) (110) (112) (121) (113) (103) (125) (141) (125) (132) (137) (136) (130) (127) (123) (110) (95) (38) (86) (144) (149) (33) (88) (158) (171) (159) (182) (164) (91) (30) (39) (95) (141) (135) (135) (135) (135) (135) (135) (135) (135) (137) (134) (134) (134) (106) (47) (114) (176) (168) (54) (66) (131) (47) (52) (98) (92) (88) (76) (36) (139) (185) (215) (218) (207) (202) (210) (215) (211)
(74) (64) (62) (48) (52) (91) (174) (165) (101) (44) (67) (110) (91) (85) (112) (121) (122) (64) (21) (33) (60) (66) (61) (63) (60) (54) (68) (65) (70) (92) (89) (81) (50) (31) (65) (121) (127) (109) (113) (127) (126) (116) (121) (128) (102) (59) (50) (71) (104) (147) (111) (46) (119) (143) (152) (169) (154) (163) (159) (145) (137) (124) (86) (43) (46) (46) (46) (46) (46) (46) (46) (46) (42) (56) (55) (45) (69) (132) (157) (156) (149) (148) (105) (55) (27) (45) (47) (42) (30) (74) (115) (168) (178) (179) (175) (180) (190) (202) (211) (212)
(58) (54) (65) (68) (68) (80) (129) (128) (101) (53) (72) (92) (95) (97) (81) (84) (83) (68) (59) (60) (56) (47) (48) (57) (62) (50) (63) (62) (62) (77) (79) (83) (62) (51) (61) (79) (79) (78) (87) (91) (88) (75) (84) (99) (73) (27) (23) (54) (101) (111) (99) (70) (171) (178) (177) (168) (173) (176) (173) (169) (173) (161) (116) (66) (77) (77) (77) (77) (77) (77) (77) (77) (72) (72) (75) (74) (94) (173) (166) (176) (165) (188) (110) (16) (44) (42) (22) (35) (53) (108) (169) (167) (168) (169) (159) (165) (165) (181) (198) (206)
(139) (137) (142) (142) (126) (91) (57) (18) (25) (30) (89) (93) (91) (97) (49) (35) (39) (67) (92) (86) (55) (32) (37) (53) (63) (46) (60) (63) (58) (60) (52) (55) (93) (101) (86) (46) (27) (38) (39) (19) (33) (32) (35) (40) (39) (32) (28) (30) (30) (19) (77) (158) (170) (188) (202) (192) (192) (199) (192) (171) (158) (161) (167) (167) (163) (163) (163) (163) (163) (163) (163) (163) (172) (159) (162) (168) (160) (173) (171) (202) (197) (169) (102) (25) (64) (53) (48) (42) (114) (160) (175) (161) (162) (174) (168) (168) (161) (177) (196) (205)
(95) (109) (113) (113) (117) (122) (107) (104) (85) (25) (81) (82) (19) (34) (71) (101) (95) (108) (119) (115) (105) (100) (103) (107) (73) (47) (51) (54) (53) (58) (55) (61) (58) (76) (102) (127) (142) (141) (139) (144) (138) (142) (139) (133) (140) (153) (151) (139) (146) (136) (147) (214) (198) (200) (179) (189) (190) (196) (196) (188) (184) (187) (190) (190) (190) (190) (190) (190) (190) (190) (190) (190) (185) (194) (189) (183) (193) (185) (204) (190) (199) (181) (125) (24) (57) (65) (67) (22) (113) (184) (166) (182) (163) (165) (166) (171) (176) (191) (205) (209)
(92) (108) (103) (97) (101) (105) (73) (82) (64) (22) (62) (89) (71) (72) (84) (108) (113) (111) (108) (107) (109) (111) (108) (102) (89) (65) (71) (73) (74) (81) (76) (78) (76) (88) (107) (139) (165) (163) (158) (171) (166) (165) (165) (166) (164) (162) (166) (174) (178) (176) (174) (183) (194) (199) (194) (195) (193) (192) (193) (195) (199) (198) (191) (184) (193) (193) (193) (193) (193) (193) (193) (193) (180) (194) (189) (185) (200) (179) (208) (185) (189) (203) (138) (26) (68) (67) (52) (24) (103) (182) (149) (182) (166) (167) (165) (170) (171) (186) (200) (205)
(84) (94) (90) (100) (108) (92) (23) (33) (37) (43) (40) (58) (107) (124) (113) (120) (115) (114) (114) (113) (109) (102) (96) (94) (97) (85) (99) (99) (94) (99) (89) (87) (91) (101) (90) (92) (131) (161) (164) (164) (161) (157) (161) (168) (163) (153) (158) (173) (188) (187) (206) (194) (191) (188) (203) (189) (198) (196) (193) (190) (187) (187) (192) (199) (194) (194) (194) (194) (194) (194) (194) (194) (203) (197) (196) (202) (199) (180) (187) (197) (192) (193) (122) (37) (87) (81) (53) (37) (112) (176) (155) (160) (168) (177) (165) (169) (163) (179) (196) (204)
(98) (96) (83) (93) (99) (84) (33) (80) (113) (103) (107) (123) (115) (114) (127) (109) (117) (104) (94) (95) (99) (98) (96) (95) (96) (88) (102) (94) (86) (96) (96) (99) (92) (94) (82) (95) (145) (170) (161) (155) (163) (162) (163) (165) (167) (165) (162) (160) (170) (184) (186) (192) (200) (188) (182) (202) (189) (190) (194) (197) (196) (192) (194) (199) (193) (193) (193) (193) (193) (193) (193) (193) (202) (187) (185) (187) (184) (214) (187) (196) (197) (176) (108) (37) (80) (108) (81) (19) (107) (171) (188) (153) (166) (173) (155) (166) (174) (191) (207) (214)
(92) (91) (101) (84) (96) (82) (81) (62) (68) (70) (71) (74) (83) (91) (91) (86) (85) (78) (72) (79) (65) (63) (87) (75) (74) (84) (82) (75) (75) (71) (71) (81) (94) (96) (93) (94) (112) (140) (160) (165) (165) (172) (155) (156) (161) (154) (162) (165) (163) (171) (178) (187) (198) (197) (190) (189) (192) (192) (192) (192) (192) (192) (192) (192) (191) (191) (192) (192) (191) (190) (189) (188) (199) (183) (201) (193) (190) (196) (178) (195) (184) (117) (74) (71) (95) (77) (62) (127) (170) (178) (166) (177) (189) (182) (187) (189) (191) (212) (219) (214)
(107) (91) (91) (87) (111) (97) (78) (47) (35) (40) (44) (42) (43) (48) (51) (50) (61) (45) (47) (67) (65) (53) (55) (53) (44) (48) (49) (59) (71) (64) (56) (61) (89) (89) (84) (82) (97) (125) (144) (150) (148) (162) (150) (157) (171) (169) (167) (154) (154) (162) (183) (191) (177) (178) (190) (191) (191) (191) (191) (191) (191) (191) (191) (191) (191) (191) (192) (192) (192) (193) (193) (193) (189) (201) (179) (187) (190) (184) (198) (178) (134) (61) (38) (105) (93) (59) (72) (215) (201) (201) (181) (190) (206) (202) (205) (202) (198) (223) (226) (210)
(79) (89) (105) (96) (94) (83) (95) (100) (84) (88) (83) (66) (47) (36) (33) (33) (30) (30) (45) (54) (62) (68) (62) (63) (76) (69) (55) (53) (59) (53) (53) (67) (58) (64) (67) (67) (78) (94) (102) (100) (130) (169) (177) (172) (159) (147) (160) (167) (167) (148) (152) (164) (162) (171) (172) (150) (159) (159) (159) (159) (159) (159) (159) (159) (161) (161) (160) (160) (160) (161) (161) (162) (152) (172) (155) (164) (173) (168) (164) (121) (51) (42) (73) (59) (22) (128) (207) (187) (205) (198) (172) (181) (202) (201) (202) (197) (204) (231) (228) (205)
(67) (84) (97) (91) (90) (92) (96) (91) (97) (102) (100) (87) (73) (68) (68) (68) (33) (69) (86) (43) (23) (44) (40) (34) (26) (40) (44) (42) (44) (40) (36) (42) (43) (50) (54) (56) (65) (81) (89) (87) (110) (117) (109) (133) (164) (168) (170) (162) (166) (172) (174) (169) (162) (158) (162) (169) (163) (163) (163) (163) (163) (163) (163) (163) (167) (166) (164) (163) (162) (162) (162) (162) (168) (156) (169) (156) (161) (165) (110) (81) (71) (45) (39) (32) (132) (163) (201) (215) (205) (199) (175) (185) (206) (205) (208) (203) (206) (226) (224) (207)
(18) (59) (92) (100) (95) (100) (94) (84) (86) (90) (90) (88) (88) (93) (94) (92) (38) (100) (130) (73) (23) (38) (58) (59) (55) (62) (45) (24) (32) (49) (52) (49) (49) (52) (50) (45) (54) (75) (92) (97) (74) (78) (82) (126) (159) (149) (142) (139) (126) (141) (124) (126) (163) (167) (155) (172) (161) (161) (161) (161) (161) (161) (161) (161) (162) (162) (161) (161) (161) (161) (161) (161) (173) (146) (152) (140) (137) (124) (66) (46) (89) (59) (53) (75) (188) (195) (203) (189) (191) (193) (175) (185) (199) (194) (197) (196) (193) (205) (209) (211)
(34) (67) (91) (103) (87) (92) (95) (107) (101) (100) (96) (94) (97) (99) (94) (85) (27) (94) (141) (125) (68) (68) (122) (128) (136) (111) (58) (24) (45) (82) (94) (92) (95) (101) (100) (92) (91) (97) (100) (97) (70) (40) (20) (79) (145) (133) (79) (25) (35) (35) (15) (48) (136) (171) (154) (156) (164) (164) (164) (164) (164) (164) (164) (164) (161) (162) (163) (165) (166) (167) (167) (166) (170) (130) (52) (32) (32) (39) (84) (93) (89) (32) (76) (180) (165) (164) (187) (163) (165) (172) (158) (166) (174) (163) (166) (167) (170) (182) (193) (205)
(154) (102) (56) (81) (93) (101) (82) (85) (89) (90) (89) (89) (94) (97) (92) (83) (39) (99) (132) (133) (67) (57) (124) (96) (70) (56) (38) (47) (80) (98) (96) (95) (90) (97) (94) (81) (69) (64) (56) (46) (77) (92) (92) (118) (143) (133) (115) (91) (99) (101) (100) (91) (76) (66) (65) (66) (63) (63) (63) (63) (63) (63) (63) (63) (61) (62) (64) (66) (66) (64) (61) (59) (69) (72) (42) (49) (56) (58) (87) (80) (51) (114) (128) (175) (167) (163) (153) (170) (167) (173) (159) (167) (175) (164) (167) (167) (165) (185) (198) (203)
(173) (93) (37) (81) (98) (98) (83) (108) (96) (98) (97) (94) (93) (92) (84) (75) (57) (115) (126) (117) (46) (46) (118) (45) (38) (35) (44) (75) (99) (92) (89) (106) (104) (101) (85) (61) (49) (54) (62) (63) (115) (152) (147) (130) (123) (124) (139) (137) (140) (127) (147) (133) (69) (53) (70) (55) (59) (59) (59) (59) (59) (59) (59) (59) (60) (61) (62) (62) (59) (53) (48) (44) (36) (41) (69) (56) (64) (93) (80) (84) (80) (173) (188) (171) (175) (177) (187) (177) (175) (179) (164) (172) (183) (175) (179) (179) (180) (209) (220) (212)
(31) (35) (38) (95) (82) (105) (88) (98) (93) (93) (100) (89) (92) (97) (54) (44) (129) (139) (111) (35) (36) (30) (34) (46) (46) (77) (78) (96) (105) (83) (104) (117) (120) (64) (57) (53) (53) (57) (32) (161) (192) (179) (147) (125) (132) (139) (133) (129) (119) (143) (134) (134) (124) (140) (130) (134) (140) (134) (132) (136) (138) (135) (133) (134) (135) (140) (134) (136) (140) (123) (131) (43) (46) (58) (59) (47) (63) (68) (17) (95) (210) (203) (192) (174) (201) (200) (204) (202) (208) (189) (170) (193) (206) (198) (205) (206) (205) (225) (223) (207)
(105) (98) (79) (69) (74) (92) (95) (92) (97) (89) (94) (90) (98) (94) (52) (45) (140) (82) (87) (106) (113) (118) (106) (56) (51) (61) (78) (67) (56) (71) (78) (65) (65) (58) (65) (73) (36) (63) (161) (148) (159) (175) (179) (170) (159) (140) (124) (124) (143) (127) (118) (144) (143) (113) (85) (97) (90) (88) (85) (82) (86) (98) (116) (129) (84) (90) (82) (96) (128) (145) (131) (40) (60) (61) (68) (67) (56) (8) (138) (181) (203) (206) (185) (162) (202) (197) (194) (204) (208) (190) (169) (188) (204) (199) (203) (196) (205) (224) (221) (206)
(134) (130) (101) (35) (68) (84) (105) (92) (98) (88) (95) (92) (95) (76) (61) (78) (129) (65) (56) (122) (149) (142) (118) (103) (66) (28) (59) (69) (50) (64) (53) (56) (57) (68) (64) (32) (76) (128) (177) (153) (160) (182) (194) (192) (180) (159) (151) (162) (144) (144) (134) (114) (115) (101) (92) (86) (100) (116) (125) (122) (119) (126) (136) (140) (120) (130) (121) (113) (102) (113) (111) (101) (50) (52) (38) (48) (66) (89) (186) (221) (203) (211) (186) (162) (207) (202) (195) (209) (209) (196) (174) (189) (206) (206) (209) (195) (211) (228) (224) (209)
(104) (119) (100) (36) (77) (88) (103) (93) (96) (91) (103) (95) (83) (50) (76) (130) (134) (75) (51) (124) (138) (131) (121) (129) (93) (53) (49) (63) (52) (55) (44) (64) (54) (60) (46) (46) (160) (176) (124) (172) (186) (188) (183) (182) (184) (178) (177) (191) (196) (189) (151) (83) (96) (114) (123) (98) (158) (183) (200) (196) (188) (186) (179) (168) (183) (195) (195) (179) (117) (96) (111) (185) (112) (29) (41) (13) (88) (224) (188) (197) (200) (198) (187) (169) (200) (197) (199) (199) (196) (192) (176) (186) (198) (201) (206) (193) (197) (215) (216) (207)
(86) (113) (103) (77) (95) (97) (90) (93) (96) (91) (103) (96) (84) (37) (82) (149) (142) (59) (56) (140) (122) (137) (141) (74) (80) (108) (52) (30) (27) (42) (35) (38) (36) (33) (57) (158) (199) (160) (134) (181) (189) (186) (176) (176) (185) (183) (177) (182) (179) (124) (87) (92) (162) (181) (191) (185) (183) (197) (203) (195) (193) (199) (196) (185) (174) (186) (196) (205) (171) (156) (148) (197) (86) (26) (174) (154) (151) (177) (172) (173) (180) (165) (175) (167) (174) (174) (188) (169) (173) (177) (166) (172) (176) (174) (183) (176) (168) (190) (199) (200)
(87) (108) (103) (108) (102) (100) (84) (99) (100) (87) (94) (95) (96) (37) (80) (132) (134) (97) (89) (135) (128) (136) (129) (42) (58) (135) (87) (78) (79) (87) (71) (76) (85) (58) (122) (199) (182) (165) (131) (180) (180) (188) (184) (180) (187) (188) (182) (184) (133) (102) (100) (143) (198) (194) (184) (187) (187) (191) (190) (186) (189) (195) (192) (183) (159) (180) (185) (191) (192) (202) (178) (143) (151) (102) (85) (153) (175) (152) (177) (170) (164) (153) (170) (162) (162) (159) (174) (156) (164) (168) (160) (168) (165) (155) (165) (165) (166) (188) (200) (204)
(91) (96) (95) (108) (97) (97) (91) (102) (100) (87) (93) (94) (100) (35) (81) (125) (132) (155) (136) (132) (142) (133) (127) (61) (65) (143) (138) (136) (121) (146) (130) (146) (142) (127) (175) (169) (175) (186) (130) (164) (172) (188) (187) (180) (187) (188) (170) (155) (70) (114) (151) (181) (192) (198) (190) (195) (194) (194) (196) (199) (200) (197) (190) (183) (167) (196) (197) (187) (188) (193) (183) (98) (138) (173) (63) (116) (150) (187) (166) (164) (164) (180) (183) (163) (182) (167) (168) (177) (171) (170) (163) (178) (177) (162) (171) (175) (172) (192) (203) (207)
(98) (89) (93) (99) (93) (92) (96) (96) (96) (91) (99) (94) (94) (28) (87) (139) (125) (132) (141) (137) (125) (126) (148) (43) (58) (136) (146) (87) (42) (130) (129) (130) (128) (169) (179) (180) (192) (171) (188) (140) (159) (178) (181) (178) (188) (177) (128) (82) (103) (158) (187) (205) (189) (194) (182) (193) (194) (189) (188) (191) (192) (189) (189) (192) (155) (182) (192) (196) (200) (185) (186) (84) (143) (192) (175) (78) (90) (222) (197) (162) (171) (212) (197) (165) (205) (180) (167) (202) (177) (171) (164) (186) (191) (176) (185) (191) (159) (179) (192) (200)
(89) (91) (92) (91) (91) (94) (95) (95) (93) (95) (104) (74) (64) (96) (122) (130) (132) (139) (120) (70) (122) (130) (126) (50) (57) (150) (88) (92) (98) (127) (138) (132) (142) (159) (197) (185) (183) (176) (189) (165) (172) (177) (188) (178) (191) (190) (115) (71) (103) (155) (198) (198) (188) (191) (197) (196) (192) (192) (192) (192) (192) (192) (192) (192) (178) (177) (186) (196) (195) (192) (180) (158) (136) (149) (179) (164) (109) (123) (167) (167) (173) (188) (181) (174) (184) (178) (168) (178) (170) (174) (167) (175) (173) (166) (179) (180) (172) (191) (204) (211)
(82) (90) (97) (98) (94) (92) (92) (94) (95) (89) (94) (63) (49) (109) (131) (136) (123) (126) (100) (69) (106) (140) (141) (68) (93) (93) (37) (85) (124) (140) (130) (122) (129) (166) (185) (161) (180) (182) (188) (180) (183) (188) (193) (179) (184) (151) (107) (97) (136) (169) (196) (197) (190) (193) (196) (193) (192) (192) (192) (192) (192) (192) (192) (192) (188) (176) (179) (189) (192) (194) (194) (184) (150) (103) (178) (197) (155) (28) (95) (157) (164) (183) (169) (157) (172) (170) (164) (181) (169) (167) (164) (186) (186) (163) (164) (164) (176) (193) (199) (198)
(47) (64) (85) (97) (97) (92) (91) (93) (99) (89) (95) (62) (36) (127) (138) (138) (145) (77) (50) (120) (130) (127) (128) (124) (88) (48) (13) (81) (136) (137) (137) (143) (126) (174) (174) (144) (177) (182) (178) (186) (185) (190) (189) (178) (176) (98) (92) (121) (176) (185) (193) (194) (194) (194) (193) (190) (192) (192) (192) (192) (192) (192) (192) (192) (194) (173) (173) (188) (192) (194) (199) (201) (129) (85) (178) (189) (161) (15) (43) (75) (176) (216) (205) (180) (191) (187) (175) (193) (179) (171) (168) (198) (200) (169) (165) (167) (160) (178) (177) (165)
(18) (36) (63) (87) (96) (95) (93) (94) (94) (91) (101) (68) (28) (130) (132) (132) (136) (70) (49) (143) (127) (139) (139) (136) (112) (98) (42) (83) (137) (121) (132) (129) (126) (156) (160) (156) (180) (182) (177) (187) (181) (184) (185) (183) (181) (70) (84) (131) (197) (193) (191) (194) (195) (192) (190) (190) (192) (192) (192) (192) (192) (192) (192) (192) (193) (168) (171) (194) (197) (190) (191) (196) (107) (96) (171) (182) (171) (139) (73) (33) (84) (167) (188) (164) (177) (181) (171) (183) (177) (172) (166) (187) (188) (167) (171) (173) (164) (188) (185) (163)
(50) (53) (66) (83) (94) (95) (94) (95) (89) (93) (96) (68) (30) (121) (126) (132) (134) (66) (51) (141) (108) (115) (129) (138) (138) (144) (45) (73) (149) (131) (140) (120) (127) (124) (145) (181) (188) (184) (184) (192) (183) (183) (188) (190) (185) (75) (90) (131) (197) (191) (190) (194) (194) (189) (189) (193) (192) (192) (192) (192) (192) (192) (192) (192) (192) (167) (170) (195) (198) (188) (188) (193) (150) (118) (170) (195) (183) (183) (61) (21) (24) (131) (177) (157) (159) (166) (159) (163) (160) (167) (159) (165) (164) (158) (168) (163) (171) (199) (198) (171)
(108) (95) (87) (90) (93) (91) (92) (96) (95) (99) (82) (68) (58) (121) (133) (141) (143) (69) (56) (115) (78) (65) (110) (142) (125) (135) (45) (74) (133) (129) (143) (141) (147) (123) (142) (196) (189) (178) (174) (183) (186) (181) (190) (177) (156) (87) (106) (136) (190) (190) (191) (193) (191) (189) (190) (194) (192) (192) (192) (192) (192) (192) (192) (192) (195) (170) (170) (191) (195) (190) (194) (200) (189) (147) (176) (186) (176) (137) (58) (38) (45) (130) (182) (177) (173) (176) (172) (170) (166) (177) (169) (170) (171) (170) (177) (164) (173) (197) (193) (166)
(111) (99) (93) (96) (95) (89) (90) (97) (99) (98) (60) (72) (105) (130) (135) (129) (125) (116) (108) (63) (32) (61) (136) (122) (130) (132) (100) (98) (81) (112) (123) (138) (172) (153) (145) (185) (183) (169) (151) (174) (186) (179) (187) (147) (103) (97) (133) (165) (190) (192) (193) (190) (190) (192) (193) (193) (192) (192) (192) (192) (192) (192) (192) (192) (193) (172) (172) (189) (193) (192) (196) (198) (185) (168) (145) (164) (177) (135) (142) (116) (24) (61) (119) (165) (183) (188) (192) (193) (193) (191) (176) (186) (196) (194) (199) (186) (195) (205) (192) (168)
(71) (71) (81) (95) (97) (89) (89) (97) (92) (89) (40) (73) (138) (134) (125) (100) (138) (130) (130) (63) (40) (47) (138) (136) (134) (124) (145) (115) (52) (136) (138) (141) (178) (176) (143) (165) (178) (168) (141) (180) (189) (181) (188) (125) (65) (107) (162) (201) (194) (197) (195) (189) (189) (195) (195) (190) (192) (192) (192) (192) (192) (192) (192) (192) (188) (173) (176) (192) (195) (193) (192) (187) (196) (184) (87) (148) (169) (132) (182) (145) (31) (26) (85) (171) (205) (205) (206) (206) (210) (190) (167) (187) (205) (204) (210) (205) (206) (205) (182) (161)
(29) (39) (56) (62) (106) (94) (83) (101) (98) (86) (37) (79) (135) (139) (79) (41) (127) (134) (132) (133) (65) (53) (136) (132) (131) (135) (131) (131) (136) (131) (129) (139) (191) (185) (171) (148) (120) (145) (193) (179) (184) (183) (189) (124) (76) (107) (148) (196) (192) (192) (192) (192) (192) (192) (192) (192) (192) (192) (192) (192) (192) (192) (192) (192) (192) (173) (175) (192) (195) (192) (193) (191) (195) (178) (86) (143) (170) (151) (170) (143) (32) (18) (97) (164) (212) (190) (209) (200) (207) (187) (176) (188) (202) (204) (202) (203) (201) (209) (186) (163)
(150) (150) (127) (57) (33) (22) (47) (71) (102) (91) (42) (81) (133) (135) (77) (42) (127) (134) (132) (133) (65) (53) (136) (132) (131) (135) (131) (131) (136) (131) (129) (139) (185) (184) (181) (168) (138) (151) (190) (177) (184) (183) (189) (124) (76) (107) (148) (196) (192) (192) (192) (192) (192) (192) (192) (192) (192) (192) (192) (192) (192) (192) (192) (192) (192) (173) (175) (192) (195) (192) (193) (191) (196) (175) (82) (144) (181) (168) (182) (148) (31) (20) (41) (79) (184) (198) (210) (209) (206) (189) (181) (191) (202) (203) (201) (202) (195) (207) (188) (164)
(176) (175) (163) (104) (83) (91) (105) (70) (67) (66) (31) (78) (133) (135) (78) (45) (127) (134) (132) (133) (65) (53) (136) (132) (131) (135) (131) (131) (136) (131) (129) (139) (183) (182) (186) (183) (149) (150) (187) (180) (184) (183) (189) (124) (76) (107) (148) (196) (192) (192) (192) (192) (192) (192) (192) (192) (192) (192) (192) (192) (192) (192) (192) (192) (192) (173) (175) (192) (195) (192) (193) (191) (199) (174) (78) (145) (190) (181) (190) (148) (27) (37) (21) (30) (172) (198) (186) (185) (189) (178) (174) (181) (187) (186) (185) (187) (186) (204) (190) (165)
(164) (159) (175) (167) (172) (184) (167) (62) (24) (37) (20) (80) (138) (137) (77) (42) (127) (134) (132) (133) (65) (53) (136) (132) (131) (135) (131) (131) (136) (131) (129) (139) (187) (181) (184) (183) (146) (143) (185) (187) (184) (183) (189) (124) (76) (107) (148) (196) (192) (192) (192) (192) (192) (192) (192) (192) (192) (192) (192) (192) (192) (192) (192) (192) (192) (173) (175) (192) (195) (192) (193) (191) (200) (175) (79) (144) (191) (182) (187) (140) (23) (48) (35) (34) (163) (178) (162) (164) (169) (164) (163) (168) (170) (167) (166) (170) (176) (202) (193) (167)
